 multisite #           1
 rqm_           1           1  =    0.0000000000000000     
 rqm_           1           2  =    2.7377489673037956     
 rqm_           1           3  =    4.9079892504391243     
 rqm_           1           4  =    2.0592756674175510     
 rqm_           1           5  =    2.0609676839756612     
 rqm_           1           6  =    2.0599170357354200     
 qsites=           5
 xyzq.shape=           5           3
 xyzqi(           1 )=  -9.4791000000000000E-002  -4.0343999999999998E-002  -2.4216720000000000     
 xyzqi(           2 )=   1.1280000000000000E-002   3.2520000000000001E-003  0.31367400000000001     
 xyzqi(           3 )=  0.35048600000000002       -1.9262189999999999       -3.1186799999999999     
 xyzqi(           4 )=   1.2666269999999999        1.2959980000000000       -3.2016200000000001     
 xyzqi(           5 )=  -1.9814780000000001       0.48076799999999997       -3.0636320000000001     
 A.shape=           5           5
 A(           1 )=   5.6699999999999990        5.6699999999999990        5.6699999999999990        5.6699999999999990        5.6699999999999990     
 A(           2 )=   5.6699999999999990        5.8487731148785329        5.6248325380871771        5.6250580248281130        5.6250047617449050     
 A(           3 )=   5.6699999999999990        5.6248325380871771        5.7683255797181578        5.6382656975269754        5.6381595705395222     
 A(           4 )=   5.6699999999999990        5.6250580248281130        5.6382656975269754        5.7684946128741004        5.6382399075274146     
 A(           5 )=   5.6699999999999990        5.6250047617449050        5.6381595705395222        5.6382399075274146        5.7683885280531282     
 b.shape=           5
 b(           1 )=  -2.3003189999999996E-002
 b(           2 )=  -1.6636572509041537E-002
 b(           3 )=  -2.4646702625857452E-002
 b(           4 )=  -2.4734650211327407E-002
 b(           5 )=  -2.4675875163844820E-002
 FOR #1: SVD #           1 :
 a(           1 )=   5.6699999999999990        5.6699999999999990        5.6699999999999990        5.6699999999999990        5.6699999999999990     
 a(           2 )=   5.6699999999999990        5.8487731148785329        5.6248325380871771        5.6250580248281130        5.6250047617449050     
 a(           3 )=   5.6699999999999990        5.6248325380871771        5.7683255797181578        5.6382656975269754        5.6381595705395222     
 a(           4 )=   5.6699999999999990        5.6250580248281130        5.6382656975269754        5.7684946128741004        5.6382399075274146     
 a(           5 )=   5.6699999999999990        5.6250047617449050        5.6381595705395222        5.6382399075274146        5.7683885280531282     
 w(           1 )=   1.1389152281817696E-313
 w(           2 )=   0.0000000000000000     
 w(           3 )=   0.0000000000000000     
 w(           4 )=   0.0000000000000000     
 w(           5 )=   0.0000000000000000     
 v(           1 )=   6.9201814540374447E-310   0.0000000000000000        0.0000000000000000        0.0000000000000000        0.0000000000000000     
 v(           2 )=   6.9201814540374447E-310   0.0000000000000000        0.0000000000000000        0.0000000000000000        0.0000000000000000     
 v(           3 )=   0.0000000000000000        0.0000000000000000        0.0000000000000000        0.0000000000000000        0.0000000000000000     
 v(           4 )=   0.0000000000000000        0.0000000000000000        0.0000000000000000        0.0000000000000000        0.0000000000000000     
 v(           5 )=   0.0000000000000000        0.0000000000000000        0.0000000000000000        0.0000000000000000        0.0000000000000000     
 FOR #1: SVD #           2 :
 a(           1 )=   18.348505432423806       -38.057983878994186       -12.673846980966616       -12.674059343421401       -12.673940619440597     
 a(           2 )=   5.6699999999999990       -2.1082948979320532E-002 -0.10827313384467847      -0.10811435222814651      -0.10813032294761073     
 a(           3 )=   5.6699999999999990        6.1599381137093442E-003  0.11886755437582500       -1.1257631343261697E-002  -1.1327249547647356E-002
 a(           4 )=   5.6699999999999990        5.9213185230749393E-003  -1.1346881788787129E-002  0.11881672744073368       -1.1401467675079328E-002
 a(           5 )=   5.6699999999999990        6.0546528095779678E-003  -1.1390869212613185E-002  -1.1375837301117086E-002  0.11880929287336857     
 w(           1 )=  -12.678505432423806     
 w(           2 )=   0.0000000000000000     
 w(           3 )=   0.0000000000000000     
 w(           4 )=   0.0000000000000000     
 w(           5 )=   0.0000000000000000     
 v(           1 )=   6.9201814540374447E-310   0.0000000000000000        0.0000000000000000        0.0000000000000000        0.0000000000000000     
 v(           2 )=   6.9201814540374447E-310   0.0000000000000000        0.0000000000000000        0.0000000000000000        0.0000000000000000     
 v(           3 )=   0.0000000000000000        0.0000000000000000        0.0000000000000000        0.0000000000000000        0.0000000000000000     
 v(           4 )=   0.0000000000000000        0.0000000000000000        0.0000000000000000        0.0000000000000000        0.0000000000000000     
 v(           5 )=   0.0000000000000000        0.0000000000000000        0.0000000000000000        0.0000000000000000        0.0000000000000000     
 FOR #1: SVD #           3 :
 a(           1 )=   18.348505432423806       -38.057983878994186       -12.673846980966616       -12.674059343421401       -12.673940619440597     
 a(           2 )=   5.6699999999999990       -4.4623475925963045E-002  0.33285273662204345       0.12084257968371580       0.12156772145591523     
 a(           3 )=   5.6699999999999990        6.1599381137093442E-003  -1.1051726054581712E-003  -7.4864635986485711E-002  -7.5228589340913657E-002
 a(           4 )=   5.6699999999999990        5.9213185230749393E-003  -2.2145044767277050E-003  0.10285819678415721       -2.7371792407202670E-002
 a(           5 )=   5.6699999999999990        6.0546528095779678E-003  -1.4588413598276700E-003  -2.7478060571617800E-002  0.10269630404395799     
 w(           1 )=  -12.678505432423806     
 w(           2 )=   2.3540526946642517E-002
 w(           3 )=   0.0000000000000000     
 w(           4 )=   0.0000000000000000     
 w(           5 )=   0.0000000000000000     
 v(           1 )=   6.9201814540374447E-310   0.0000000000000000        0.0000000000000000        0.0000000000000000        0.0000000000000000     
 v(           2 )=   6.9201814540374447E-310   0.0000000000000000        0.0000000000000000        0.0000000000000000        0.0000000000000000     
 v(           3 )=   0.0000000000000000        0.0000000000000000        0.0000000000000000        0.0000000000000000        0.0000000000000000     
 v(           4 )=   0.0000000000000000        0.0000000000000000        0.0000000000000000        0.0000000000000000        0.0000000000000000     
 v(           5 )=   0.0000000000000000        0.0000000000000000        0.0000000000000000        0.0000000000000000        0.0000000000000000     
 FOR #1: SVD #           4 :
 a(           1 )=   18.348505432423806       -38.057983878994186       -12.673846980966616       -12.674059343421401       -12.673940619440597     
 a(           2 )=   5.6699999999999990       -4.4623475925963045E-002  0.33285273662204345       0.12084257968371580       0.12156772145591523     
 a(           3 )=   5.6699999999999990        6.1599381137093442E-003  -3.9780900561424224E-003  -7.3126307662984724E-002  -2.1100790524515578E-003
 a(           4 )=   5.6699999999999990        5.9213185230749393E-003  -2.2145044767277050E-003 -0.12475871277948178        6.1478035660324408E-003
 a(           5 )=   5.6699999999999990        6.0546528095779678E-003  -1.4588413598276700E-003   5.9307952274030573E-003  0.13006865541370485     
 w(           1 )=  -12.678505432423806     
 w(           2 )=   2.3540526946642517E-002
 w(           3 )=   2.8729174506842512E-003
 w(           4 )=   0.0000000000000000     
 w(           5 )=   0.0000000000000000     
 v(           1 )=   6.9201814540374447E-310   0.0000000000000000        0.0000000000000000        0.0000000000000000        0.0000000000000000     
 v(           2 )=   6.9201814540374447E-310   0.0000000000000000        0.0000000000000000        0.0000000000000000        0.0000000000000000     
 v(           3 )=   0.0000000000000000        0.0000000000000000        0.0000000000000000        0.0000000000000000        0.0000000000000000     
 v(           4 )=   0.0000000000000000        0.0000000000000000        0.0000000000000000        0.0000000000000000        0.0000000000000000     
 v(           5 )=   0.0000000000000000        0.0000000000000000        0.0000000000000000        0.0000000000000000        0.0000000000000000     
 FOR #1: SVD #           5 :
 a(           1 )=   18.348505432423806       -38.057983878994186       -12.673846980966616       -12.674059343421401       -12.673940619440597     
 a(           2 )=   5.6699999999999990       -4.4623475925963045E-002  0.33285273662204345       0.12084257968371580       0.12156772145591523     
 a(           3 )=   5.6699999999999990        6.1599381137093442E-003  -3.9780900561424224E-003  -7.3126307662984724E-002  -2.1100790524515578E-003
 a(           4 )=   5.6699999999999990        5.9213185230749393E-003  -2.2145044767277050E-003 -0.24965831544667449        7.0752850267943174E-005
 a(           5 )=   5.6699999999999990        6.0546528095779678E-003  -1.4588413598276700E-003   5.9307952274030573E-003 -0.13021386008533870     
 w(           1 )=  -12.678505432423806     
 w(           2 )=   2.3540526946642517E-002
 w(           3 )=   2.8729174506842512E-003
 w(           4 )=  0.12489960266719272     
 w(           5 )=   0.0000000000000000     
 v(           1 )=   6.9201814540374447E-310   0.0000000000000000        0.0000000000000000        0.0000000000000000        0.0000000000000000     
 v(           2 )=   6.9201814540374447E-310   0.0000000000000000        0.0000000000000000        0.0000000000000000        0.0000000000000000     
 v(           3 )=   0.0000000000000000        0.0000000000000000        0.0000000000000000        0.0000000000000000        0.0000000000000000     
 v(           4 )=   0.0000000000000000        0.0000000000000000        0.0000000000000000        0.0000000000000000        0.0000000000000000     
 v(           5 )=   0.0000000000000000        0.0000000000000000        0.0000000000000000        0.0000000000000000        0.0000000000000000     
 FOR #2: SVD #           5 :
 a(           1 )=   18.348505432423806       -38.057983878994186       -12.673846980966616       -12.674059343421401       -12.673940619440597     
 a(           2 )=   5.6699999999999990       -4.4623475925963045E-002  0.33285273662204345       0.12084257968371580       0.12156772145591523     
 a(           3 )=   5.6699999999999990        6.1599381137093442E-003  -3.9780900561424224E-003  -7.3126307662984724E-002  -2.1100790524515578E-003
 a(           4 )=   5.6699999999999990        5.9213185230749393E-003  -2.2145044767277050E-003 -0.24965831544667449        7.0752850267943174E-005
 a(           5 )=   5.6699999999999990        6.0546528095779678E-003  -1.4588413598276700E-003   5.9307952274030573E-003 -0.26042772017067739     
 w(           1 )=  -12.678505432423806     
 w(           2 )=   2.3540526946642517E-002
 w(           3 )=   2.8729174506842512E-003
 w(           4 )=  0.12489960266719272     
 w(           5 )=  0.13021386008533870     
 v(           1 )=   6.9201814540374447E-310   0.0000000000000000        0.0000000000000000        0.0000000000000000        0.0000000000000000     
 v(           2 )=   6.9201814540374447E-310   0.0000000000000000        0.0000000000000000        0.0000000000000000        0.0000000000000000     
 v(           3 )=   0.0000000000000000        0.0000000000000000        0.0000000000000000        0.0000000000000000        0.0000000000000000     
 v(           4 )=   0.0000000000000000        0.0000000000000000        0.0000000000000000        0.0000000000000000        0.0000000000000000     
 v(           5 )=   0.0000000000000000        0.0000000000000000        0.0000000000000000        0.0000000000000000        0.0000000000000000     
 FOR #2: SVD #           4 :
 a(           1 )=   18.348505432423806       -38.057983878994186       -12.673846980966616       -12.674059343421401       -12.673940619440597     
 a(           2 )=   5.6699999999999990       -4.4623475925963045E-002  0.33285273662204345       0.12084257968371580       0.12156772145591523     
 a(           3 )=   5.6699999999999990        6.1599381137093442E-003  -3.9780900561424224E-003  -7.3126307662984724E-002  -2.1100790524515578E-003
 a(           4 )=   5.6699999999999990        5.9213185230749393E-003  -2.2145044767277050E-003 -0.24965831544667449        7.0752850267943174E-005
 a(           5 )=   5.6699999999999990        6.0546528095779678E-003  -1.4588413598276700E-003   5.9307952274030573E-003 -0.26042772017067739     
 w(           1 )=  -12.678505432423806     
 w(           2 )=   2.3540526946642517E-002
 w(           3 )=   2.8729174506842512E-003
 w(           4 )=  0.12489960266719272     
 w(           5 )=  0.13021386008533870     
 v(           1 )=   6.9201814540374447E-310   0.0000000000000000        0.0000000000000000        0.0000000000000000        0.0000000000000000     
 v(           2 )=   6.9201814540374447E-310   0.0000000000000000        0.0000000000000000        0.0000000000000000        0.0000000000000000     
 v(           3 )=   0.0000000000000000        0.0000000000000000        0.0000000000000000        0.0000000000000000        0.0000000000000000     
 v(           4 )=   0.0000000000000000        0.0000000000000000        0.0000000000000000        0.0000000000000000        0.0000000000000000     
 v(           5 )=   0.0000000000000000        0.0000000000000000        0.0000000000000000        0.0000000000000000        1.0000000000000000     
 FOR #2: SVD #           3 :
 a(           1 )=   18.348505432423806       -38.057983878994186       -12.673846980966616       -12.674059343421401       -12.673940619440597     
 a(           2 )=   5.6699999999999990       -4.4623475925963045E-002  0.33285273662204345       0.12084257968371580       0.12156772145591523     
 a(           3 )=   5.6699999999999990        6.1599381137093442E-003  -3.9780900561424224E-003  -7.3126307662984724E-002  -2.1100790524515578E-003
 a(           4 )=   5.6699999999999990        5.9213185230749393E-003  -2.2145044767277050E-003 -0.24965831544667449        7.0752850267943174E-005
 a(           5 )=   5.6699999999999990        6.0546528095779678E-003  -1.4588413598276700E-003   5.9307952274030573E-003 -0.26042772017067739     
 w(           1 )=  -12.678505432423806     
 w(           2 )=   2.3540526946642517E-002
 w(           3 )=   2.8729174506842512E-003
 w(           4 )=  0.12489960266719272     
 w(           5 )=  0.13021386008533870     
 v(           1 )=   6.9201814540374447E-310   0.0000000000000000        0.0000000000000000        0.0000000000000000        0.0000000000000000     
 v(           2 )=   6.9201814540374447E-310   0.0000000000000000        0.0000000000000000        0.0000000000000000        0.0000000000000000     
 v(           3 )=   0.0000000000000000        0.0000000000000000        0.0000000000000000        0.0000000000000000        0.0000000000000000     
 v(           4 )=   0.0000000000000000        0.0000000000000000        0.0000000000000000        1.0000000000000000        0.0000000000000000     
 v(           5 )=   0.0000000000000000        0.0000000000000000        0.0000000000000000        0.0000000000000000       -1.0000000000000000     
 FOR #2: SVD #           2 :
 a(           1 )=   18.348505432423806       -38.057983878994186       -12.673846980966616       -12.674059343421401       -12.673940619440597     
 a(           2 )=   5.6699999999999990       -4.4623475925963045E-002  0.33285273662204345       0.12084257968371580       0.12156772145591523     
 a(           3 )=   5.6699999999999990        6.1599381137093442E-003  -3.9780900561424224E-003  -7.3126307662984724E-002  -2.1100790524515578E-003
 a(           4 )=   5.6699999999999990        5.9213185230749393E-003  -2.2145044767277050E-003 -0.24965831544667449        7.0752850267943174E-005
 a(           5 )=   5.6699999999999990        6.0546528095779678E-003  -1.4588413598276700E-003   5.9307952274030573E-003 -0.26042772017067739     
 w(           1 )=  -12.678505432423806     
 w(           2 )=   2.3540526946642517E-002
 w(           3 )=   2.8729174506842512E-003
 w(           4 )=  0.12489960266719272     
 w(           5 )=  0.13021386008533870     
 v(           1 )=   6.9201814540374447E-310   0.0000000000000000        0.0000000000000000        0.0000000000000000        0.0000000000000000     
 v(           2 )=   6.9201814540374447E-310   0.0000000000000000        0.0000000000000000        0.0000000000000000        0.0000000000000000     
 v(           3 )=   0.0000000000000000        0.0000000000000000        1.0000000000000000        0.0000000000000000        0.0000000000000000     
 v(           4 )=   0.0000000000000000        0.0000000000000000        0.0000000000000000      -0.99833613263865328        5.7662520479921264E-002
 v(           5 )=   0.0000000000000000        0.0000000000000000        0.0000000000000000       -5.7662520479921264E-002 -0.99833613263865328     
 FOR #2: SVD #           1 :
 a(           1 )=   18.348505432423806       -38.057983878994186       -12.673846980966616       -12.674059343421401       -12.673940619440597     
 a(           2 )=   5.6699999999999990       -4.4623475925963045E-002  0.33285273662204345       0.12084257968371580       0.12156772145591523     
 a(           3 )=   5.6699999999999990        6.1599381137093442E-003  -3.9780900561424224E-003  -7.3126307662984724E-002  -2.1100790524515578E-003
 a(           4 )=   5.6699999999999990        5.9213185230749393E-003  -2.2145044767277050E-003 -0.24965831544667449        7.0752850267943174E-005
 a(           5 )=   5.6699999999999990        6.0546528095779678E-003  -1.4588413598276700E-003   5.9307952274030573E-003 -0.26042772017067739     
 w(           1 )=  -12.678505432423806     
 w(           2 )=   2.3540526946642517E-002
 w(           3 )=   2.8729174506842512E-003
 w(           4 )=  0.12489960266719272     
 w(           5 )=  0.13021386008533870     
 v(           1 )=   6.9201814540374447E-310   0.0000000000000000        0.0000000000000000        0.0000000000000000        0.0000000000000000     
 v(           2 )=   6.9201814540374447E-310   1.0000000000000000        0.0000000000000000        0.0000000000000000        0.0000000000000000     
 v(           3 )=   0.0000000000000000        0.0000000000000000      -0.58077907853932276       0.60624012903790958       0.54329418170555976     
 v(           4 )=   0.0000000000000000        0.0000000000000000      -0.57390371399484574      -0.77823993681282011       0.25490611568281363     
 v(           5 )=   0.0000000000000000        0.0000000000000000      -0.57734754610540884       0.16375440969230884      -0.79990893501222149     
 FOR #3: SVD #           5 :
 a(           1 )=   18.348505432423806       -38.057983878994186       -12.673846980966616       -12.674059343421401       -12.673940619440597     
 a(           2 )=   5.6699999999999990       -4.4623475925963045E-002  0.33285273662204345       0.12084257968371580       0.12156772145591523     
 a(           3 )=   5.6699999999999990        6.1599381137093442E-003  -3.9780900561424224E-003  -7.3126307662984724E-002  -2.1100790524515578E-003
 a(           4 )=   5.6699999999999990        5.9213185230749393E-003  -2.2145044767277050E-003 -0.24965831544667449        7.0752850267943174E-005
 a(           5 )=   5.6699999999999990        6.0546528095779678E-003  -1.4588413598276700E-003   5.9307952274030573E-003 -0.26042772017067739     
 w(           1 )=  -12.678505432423806     
 w(           2 )=   2.3540526946642517E-002
 w(           3 )=   2.8729174506842512E-003
 w(           4 )=  0.12489960266719272     
 w(           5 )=  0.13021386008533870     
 v(           1 )=   1.0000000000000000        0.0000000000000000        0.0000000000000000        0.0000000000000000        0.0000000000000000     
 v(           2 )=   0.0000000000000000      -0.50071214215335891       0.86560359932306352        4.1266190037758145E-003   8.5472495527704991E-004
 v(           3 )=   0.0000000000000000      -0.49975837166267029      -0.29252083556787767       0.60761435153926158       0.54357881720618006     
 v(           4 )=   0.0000000000000000      -0.49976674559323497      -0.28564064098022740      -0.77686569128505290       0.25519075595277452     
 v(           5 )=   0.0000000000000000      -0.49976206403889606      -0.28908717338898382       0.16512864234686037      -0.79962429740862229     
 FOR #3: SVD #           4 :
 a(           1 )=   18.348505432423806       -38.057983878994186       -12.673846980966616       -12.674059343421401       -12.673940619440597     
 a(           2 )=   5.6699999999999990       -4.4623475925963045E-002  0.33285273662204345       0.12084257968371580       0.12156772145591523     
 a(           3 )=   5.6699999999999990        6.1599381137093442E-003  -3.9780900561424224E-003  -7.3126307662984724E-002  -2.1100790524515578E-003
 a(           4 )=   5.6699999999999990        5.9213185230749393E-003  -2.2145044767277050E-003 -0.24965831544667449        7.0752850267943174E-005
 a(           5 )=   5.6699999999999990        6.0546528095779678E-003  -1.4588413598276700E-003   5.9307952274030573E-003  -1.0000000000000000     
 w(           1 )=  -12.678505432423806     
 w(           2 )=   2.3540526946642517E-002
 w(           3 )=   2.8729174506842512E-003
 w(           4 )=  0.12489960266719272     
 w(           5 )=  0.13021386008533870     
 v(           1 )=   1.0000000000000000        0.0000000000000000        0.0000000000000000        0.0000000000000000        0.0000000000000000     
 v(           2 )=   0.0000000000000000      -0.50071214215335891       0.86560359932306352        4.1266190037758145E-003   8.5472495527704991E-004
 v(           3 )=   0.0000000000000000      -0.49975837166267029      -0.29252083556787767       0.60761435153926158       0.54357881720618006     
 v(           4 )=   0.0000000000000000      -0.49976674559323497      -0.28564064098022740      -0.77686569128505290       0.25519075595277452     
 v(           5 )=   0.0000000000000000      -0.49976206403889606      -0.28908717338898382       0.16512864234686037      -0.79962429740862229     
 FOR #3: SVD #           3 :
 a(           1 )=   18.348505432423806       -38.057983878994186       -12.673846980966616       -12.674059343421401       -12.673940619440597     
 a(           2 )=   5.6699999999999990       -4.4623475925963045E-002  0.33285273662204345       0.12084257968371580       0.12156772145591523     
 a(           3 )=   5.6699999999999990        6.1599381137093442E-003  -3.9780900561424224E-003  -7.3126307662984724E-002  -2.1100790524515578E-003
 a(           4 )=   5.6699999999999990        5.9213185230749393E-003  -2.2145044767277050E-003 -0.99887197489261559       -4.7484500356708460E-002
 a(           5 )=   5.6699999999999990        6.0546528095779678E-003  -1.4588413598276700E-003   4.7484500356708460E-002 -0.99887197489261548     
 w(           1 )=  -12.678505432423806     
 w(           2 )=   2.3540526946642517E-002
 w(           3 )=   2.8729174506842512E-003
 w(           4 )=  0.12489960266719272     
 w(           5 )=  0.13021386008533870     
 v(           1 )=   1.0000000000000000        0.0000000000000000        0.0000000000000000        0.0000000000000000        0.0000000000000000     
 v(           2 )=   0.0000000000000000      -0.50071214215335891       0.86560359932306352        4.1266190037758145E-003   8.5472495527704991E-004
 v(           3 )=   0.0000000000000000      -0.49975837166267029      -0.29252083556787767       0.60761435153926158       0.54357881720618006     
 v(           4 )=   0.0000000000000000      -0.49976674559323497      -0.28564064098022740      -0.77686569128505290       0.25519075595277452     
 v(           5 )=   0.0000000000000000      -0.49976206403889606      -0.28908717338898382       0.16512864234686037      -0.79962429740862229     
 FOR #3: SVD #           2 :
 a(           1 )=   18.348505432423806       -38.057983878994186       -12.673846980966616       -12.674059343421401       -12.673940619440597     
 a(           2 )=   5.6699999999999990       -4.4623475925963045E-002  0.33285273662204345       0.12084257968371580       0.12156772145591523     
 a(           3 )=   5.6699999999999990        6.1599381137093442E-003 -0.38468651620844474       0.74583907953779938       0.54382014644698295     
 a(           4 )=   5.6699999999999990        5.9213185230749393E-003 -0.77082078226795903      -0.58368178129590342       0.25524674299009731     
 a(           5 )=   5.6699999999999990        6.0546528095779678E-003 -0.50779090762952950       0.32099789036292675      -0.79944277375640160     
 w(           1 )=  -12.678505432423806     
 w(           2 )=   2.3540526946642517E-002
 w(           3 )=   2.8729174506842512E-003
 w(           4 )=  0.12489960266719272     
 w(           5 )=  0.13021386008533870     
 v(           1 )=   1.0000000000000000        0.0000000000000000        0.0000000000000000        0.0000000000000000        0.0000000000000000     
 v(           2 )=   0.0000000000000000      -0.50071214215335891       0.86560359932306352        4.1266190037758145E-003   8.5472495527704991E-004
 v(           3 )=   0.0000000000000000      -0.49975837166267029      -0.29252083556787767       0.60761435153926158       0.54357881720618006     
 v(           4 )=   0.0000000000000000      -0.49976674559323497      -0.28564064098022740      -0.77686569128505290       0.25519075595277452     
 v(           5 )=   0.0000000000000000      -0.49976206403889606      -0.28908717338898382       0.16512864234686037      -0.79962429740862229     
 FOR #3: SVD #           1 :
 a(           1 )=   18.348505432423806       -38.057983878994186       -12.673846980966616       -12.674059343421401       -12.673940619440597     
 a(           2 )=   5.6699999999999990      -0.89560225338657928      -0.42515692946378936       0.13090988214960073        8.8983896367563202E-004
 a(           3 )=   5.6699999999999990       0.26167375639770502      -0.32599677230644925       0.72776794644515430       0.54369731081319006     
 a(           4 )=   5.6699999999999990       0.25153721225086983      -0.71440452267795107      -0.60105288683936431       0.25512866568148718     
 a(           5 )=   5.6699999999999990       0.25720124376576525      -0.45010428541837733       0.30323562802653536      -0.79956350989068281     
 w(           1 )=  -12.678505432423806     
 w(           2 )=   2.3540526946642517E-002
 w(           3 )=   2.8729174506842512E-003
 w(           4 )=  0.12489960266719272     
 w(           5 )=  0.13021386008533870     
 v(           1 )=   1.0000000000000000        0.0000000000000000        0.0000000000000000        0.0000000000000000        0.0000000000000000     
 v(           2 )=   0.0000000000000000      -0.50071214215335891       0.86560359932306352        4.1266190037758145E-003   8.5472495527704991E-004
 v(           3 )=   0.0000000000000000      -0.49975837166267029      -0.29252083556787767       0.60761435153926158       0.54357881720618006     
 v(           4 )=   0.0000000000000000      -0.49976674559323497      -0.28564064098022740      -0.77686569128505290       0.25519075595277452     
 v(           5 )=   0.0000000000000000      -0.49976206403889606      -0.28908717338898382       0.16512864234686037      -0.79962429740862229     
 FOR #4: SVD #           5 :
 a(           1 )= -0.44721359549995809        5.5986688343982197E-002  0.85671031880190118      -0.25082447198633029       -6.8113120532350393E-005
 a(           2 )= -0.44721359549995793      -0.87830141522951499      -0.16041888169762286        5.3400857700701757E-002   8.6879085189122654E-004
 a(           3 )= -0.44721359549995793       0.27897459455476931       -6.1258724540282750E-002  0.65025892199625535       0.54367626270140568     
 a(           4 )= -0.44721359549995793       0.26883805040793413      -0.44966647491178457      -0.67856191128826326       0.25510761756970279     
 a(           5 )= -0.44721359549995793       0.27450208192282954      -0.18536623765221083       0.22572660357763641      -0.79958455800246719     
 w(           1 )=  -12.678505432423806     
 w(           2 )=   2.3540526946642517E-002
 w(           3 )=   2.8729174506842512E-003
 w(           4 )=  0.12489960266719272     
 w(           5 )=  0.13021386008533870     
 v(           1 )=   1.0000000000000000        0.0000000000000000        0.0000000000000000        0.0000000000000000        0.0000000000000000     
 v(           2 )=   0.0000000000000000      -0.50071214215335891       0.86560359932306352        4.1266190037758145E-003   8.5472495527704991E-004
 v(           3 )=   0.0000000000000000      -0.49975837166267029      -0.29252083556787767       0.60761435153926158       0.54357881720618006     
 v(           4 )=   0.0000000000000000      -0.49976674559323497      -0.28564064098022740      -0.77686569128505290       0.25519075595277452     
 v(           5 )=   0.0000000000000000      -0.49976206403889606      -0.28908717338898382       0.16512864234686037      -0.79962429740862229     
 k=           5 its=           1
 (ABS(rv1(l))+anorm)=   25.383525230086171     
 ABS((ABS(rv1(l))+anorm)-anorm)=   3.5376425135069667E-005
 F
 nm=           4 l=           5
 (ABS(w(nm))+anorm)=   25.508389456328228     
 ABS((ABS(w(nm))+anorm)-anorm)=  0.12489960266719180     
 (ABS(rv1(l))+anorm)=   25.420083450938602     
 ABS((ABS(rv1(l))+anorm)-anorm)=   3.6593597277565948E-002
 F
 nm=           3 l=           4
 (ABS(w(nm))+anorm)=   25.386362771111720     
 ABS((ABS(w(nm))+anorm)-anorm)=   2.8729174506842980E-003
 (ABS(rv1(l))+anorm)=   25.594052316905177     
 ABS((ABS(rv1(l))+anorm)-anorm)=  0.21056246324414118     
 F
 nm=           2 l=           3
 (ABS(w(nm))+anorm)=   25.407030380607679     
 ABS((ABS(w(nm))+anorm)-anorm)=   2.3540526946643325E-002
 (ABS(rv1(l))+anorm)=   50.743439180375432     
 ABS((ABS(rv1(l))+anorm)-anorm)=   25.359949326714396     
 F
 nm=           1 l=           2
 (ABS(w(nm))+anorm)=   38.061995286084844     
 ABS((ABS(w(nm))+anorm)-anorm)=   12.678505432423808     
 (ABS(rv1(l))+anorm)=   25.383489853661036     
 ABS((ABS(rv1(l))+anorm)-anorm)=   0.0000000000000000     
 T
 g=   2.1329042251372798      f=  -12.677167991611894     
 k=           5 its=           2
 (ABS(rv1(l))+anorm)=   25.383489896405482     
 ABS((ABS(rv1(l))+anorm)-anorm)=   4.2744446204778797E-008
 F
 nm=           4 l=           5
 (ABS(w(nm))+anorm)=   25.513634097377317     
 ABS((ABS(w(nm))+anorm)-anorm)=  0.13014424371628053     
 (ABS(rv1(l))+anorm)=   25.383531852619406     
 ABS((ABS(rv1(l))+anorm)-anorm)=   4.1998958369759976E-005
 F
 nm=           3 l=           4
 (ABS(w(nm))+anorm)=   25.385193497005577     
 ABS((ABS(w(nm))+anorm)-anorm)=   1.7036433445412058E-003
 (ABS(rv1(l))+anorm)=   25.593639504183187     
 ABS((ABS(rv1(l))+anorm)-anorm)=  0.21014965052215118     
 F
 nm=           2 l=           3
 (ABS(w(nm))+anorm)=   25.400525458076029     
 ABS((ABS(w(nm))+anorm)-anorm)=   1.7035604414992633E-002
 (ABS(rv1(l))+anorm)=   25.384688576155661     
 ABS((ABS(rv1(l))+anorm)-anorm)=   1.1987224946246045E-003
 F
 nm=           1 l=           2
 (ABS(w(nm))+anorm)=   53.736125917822235     
 ABS((ABS(w(nm))+anorm)-anorm)=   28.352636064161199     
 (ABS(rv1(l))+anorm)=   25.383489853661036     
 ABS((ABS(rv1(l))+anorm)-anorm)=   0.0000000000000000     
 T
 g=   1725.8684984768561      f=   28.352037998862635     
 k=           5 its=           3
 (ABS(rv1(l))+anorm)=   25.383489853661036     
 ABS((ABS(rv1(l))+anorm)-anorm)=   0.0000000000000000     
 T
 l == k; z= -0.13021800087893798     
 FOR #4: SVD #           4 :
 a(           1 )= -0.44717189244189931        4.9089794759271568E-002 -0.89309982139356159       -4.3414154245862010E-004  -1.0586941276063155E-004
 a(           2 )= -0.44786576908717191      -0.87659394485189812       0.17606261783781563       -9.1109854177974644E-004   6.5820094603237121E-004
 a(           3 )= -0.44700628324086250       0.27749675772102761       0.23937173287849403      -0.72003624393663856       0.38396603119790584     
 a(           4 )= -0.44701381123375444       0.27591152434463528       0.23859564476142189       0.69337056155653565       0.43169533929352127     
 a(           5 )= -0.44700960481778179       0.27575646517827374       0.23905638545437721        2.8000950072452607E-002 -0.81621613343621302     
 w(           1 )=   28.352636089501633     
 w(           2 )=   2.7480821881463502E-002
 w(           3 )=   1.0561035135715155E-003
 w(           4 )=  0.13014425048613595     
 w(           5 )=  0.13021800087893798     
 v(           1 )= -0.44717189324118400       0.89153248599878987       -7.2159021151015371E-002  -4.3446761418399155E-004  -1.0586941277424428E-004
 v(           2 )= -0.44786576882522239      -0.29300988756911894      -0.84472492309105207       -9.1103328999031811E-004   6.5820094603526288E-004
 v(           3 )= -0.44700628306163170      -0.19963902168602116       0.30732338605052933      -0.72003615686730282       0.38396603119791051     
 v(           4 )= -0.44701381105502264      -0.19908396732703815       0.30564768071476467       0.69337064834425033       0.43169533929352366     
 v(           5 )= -0.44700960463862166      -0.19956168762847579       0.30555639681647284        2.8001037028571870E-002 -0.81621613343620980     
 k=           4 its=           1
 (ABS(rv1(l))+anorm)=   25.383489901219804     
 ABS((ABS(rv1(l))+anorm)-anorm)=   4.7558767590771822E-008
 F
 nm=           3 l=           4
 (ABS(w(nm))+anorm)=   25.384545957174609     
 ABS((ABS(w(nm))+anorm)-anorm)=   1.0561035135729924E-003
 (ABS(rv1(l))+anorm)=   25.592534535264669     
 ABS((ABS(rv1(l))+anorm)-anorm)=  0.20904468160363265     
 F
 nm=           2 l=           3
 (ABS(w(nm))+anorm)=   25.410970675542501     
 ABS((ABS(w(nm))+anorm)-anorm)=   2.7480821881464834E-002
 (ABS(rv1(l))+anorm)=   25.383489879081342     
 ABS((ABS(rv1(l))+anorm)-anorm)=   2.5420305860279768E-008
 F
 nm=           1 l=           2
 (ABS(w(nm))+anorm)=   53.736125943162669     
 ABS((ABS(w(nm))+anorm)-anorm)=   28.352636089501633     
 (ABS(rv1(l))+anorm)=   25.383489853661036     
 ABS((ABS(rv1(l))+anorm)-anorm)=   0.0000000000000000     
 T
 g=   266423225.01530471      f=   28.352038701453441     
 k=           4 its=           2
 (ABS(rv1(l))+anorm)=   25.383489853661036     
 ABS((ABS(rv1(l))+anorm)-anorm)=   0.0000000000000000     
 T
 l == k; z=  0.13014425048614467     
 FOR #4: SVD #           3 :
 a(           1 )= -0.44717189244185662        4.1923068787863636E-002  0.89346491533947003        4.3446804025915221E-004  -1.0586941276063155E-004
 a(           2 )= -0.44786576908793363      -0.87515322120501748      -0.18308967498640813        9.1103163554191085E-004   6.5820094603237121E-004
 a(           3 )= -0.44700628324062130       0.27940825451386803      -0.23713799600448307       0.72003615727963644       0.38396603119790584     
 a(           4 )= -0.44701381123351464       0.27781684576851351      -0.23637413434822169      -0.69337064793449532       0.43169533929352127     
 a(           5 )= -0.44700960481754209       0.27766548801505148      -0.23683634736440251       -2.8001036619273684E-002 -0.81621613343621302     
 w(           1 )=   28.352636089501633     
 w(           2 )=   4.4038778463917495E-002
 w(           3 )=   6.5902355962538510E-004
 w(           4 )=  0.13014425048614467     
 w(           5 )=  0.13021800087893798     
 v(           1 )= -0.44717189244184014      -0.86430276011465768       0.23025602597404032        4.3446804026258507E-004  -1.0586941277424428E-004
 v(           2 )= -0.44786576908793369       -6.4713824908591566E-003 -0.89407668064926327        9.1103163554095902E-004   6.5820094603526288E-004
 v(           3 )= -0.44700628324062713       0.29094914759494650       0.22282727695072765       0.72003615727963488       0.38396603119791051     
 v(           4 )= -0.44701381123352041       0.28986547756883796       0.22143381877079571      -0.69337064793449688       0.43169533929352366     
 v(           5 )= -0.44700960481754776       0.29028513309228499       0.22118797474804949       -2.8001036619273303E-002 -0.81621613343620980     
 k=           3 its=           1
 (ABS(rv1(l))+anorm)=   25.589684280142524     
 ABS((ABS(rv1(l))+anorm)-anorm)=  0.20619442648148834     
 F
 nm=           2 l=           3
 (ABS(w(nm))+anorm)=   25.427528632124954     
 ABS((ABS(w(nm))+anorm)-anorm)=   4.4038778463917794E-002
 (ABS(rv1(l))+anorm)=   25.383489853661580     
 ABS((ABS(rv1(l))+anorm)-anorm)=   5.4356519285647664E-013
 F
 nm=           1 l=           2
 (ABS(w(nm))+anorm)=   53.736125943162669     
 ABS((ABS(w(nm))+anorm)-anorm)=   28.352636089501633     
 (ABS(rv1(l))+anorm)=   25.383489853661036     
 ABS((ABS(rv1(l))+anorm)-anorm)=   0.0000000000000000     
 T
 g=   2.4478665205650212      f=   28.351068123449192     
 k=           3 its=           2
 (ABS(rv1(l))+anorm)=   25.383489853714590     
 ABS((ABS(rv1(l))+anorm)-anorm)=   5.3553605994238751E-011
 F
 nm=           2 l=           3
 (ABS(w(nm))+anorm)=   25.383627502057053     
 ABS((ABS(w(nm))+anorm)-anorm)=   1.3764839601648760E-004
 (ABS(rv1(l))+anorm)=   25.383489853661036     
 ABS((ABS(rv1(l))+anorm)-anorm)=   0.0000000000000000     
 T
 g=   3015448399262.7061      f=  -322.96745348780809     
 k=           3 its=           3
 (ABS(rv1(l))+anorm)=   25.383489853661036     
 ABS((ABS(rv1(l))+anorm)-anorm)=   0.0000000000000000     
 T
 l == k; z=  0.21084584626118574     
 FOR #4: SVD #           2 :
 a(           1 )= -0.44717189244185657      -0.89333259597117587        4.4653909286404107E-002   4.3446804025915221E-004  -1.0586941276063155E-004
 a(           2 )= -0.44786576908793357       0.18041375629490825      -0.87570877933917524        9.1103163554191085E-004   6.5820094603237121E-004
 a(           3 )= -0.44700628324062125       0.23799094980399235       0.27868209424163271       0.72003615727963644       0.38396603119790584     
 a(           4 )= -0.44701381123351458       0.23722222728892692       0.27709302781145162      -0.69337064793449532       0.43169533929352127     
 a(           5 )= -0.44700960481754204       0.23768397549358716       0.27694025792779298       -2.8001036619273684E-002 -0.81621613343621302     
 w(           1 )=   28.352636089501633     
 w(           2 )=   1.3764839601768989E-004
 w(           3 )=  0.21084584626118574     
 w(           4 )=  0.13014425048614467     
 w(           5 )=  0.13021800087893798     
 v(           1 )= -0.44717189244185668      -0.89333259597117576        4.4653909286404662E-002   4.3446804026258507E-004  -1.0586941277424428E-004
 v(           2 )= -0.44786576908793380       0.18041375629490775      -0.87570877933917568        9.1103163554095902E-004   6.5820094603526288E-004
 v(           3 )= -0.44700628324062158       0.23799094980398952       0.27868209424163248       0.72003615727963488       0.38396603119791051     
 v(           4 )= -0.44701381123351486       0.23722222728891798       0.27709302781145173      -0.69337064793449688       0.43169533929352366     
