 %%%%%% BEGINNING mpfit.py %%%%%%
multsites=6
chargesites=6
lmax=[4 4 4 4 4 4]
mm=[[[[-4.057000e-03  0.000000e+00]
   [ 0.000000e+00  0.000000e+00]
   [ 0.000000e+00  0.000000e+00]
   [ 0.000000e+00  0.000000e+00]
   [ 0.000000e+00  0.000000e+00]]

  [[ 1.017200e-01  0.000000e+00]
   [ 3.410000e-03  4.440000e-04]
   [ 0.000000e+00  0.000000e+00]
   [ 0.000000e+00  0.000000e+00]
   [ 0.000000e+00  0.000000e+00]]

  [[ 1.573720e-01  0.000000e+00]
   [ 1.033700e-02  4.215000e-03]
   [-1.100000e-05 -6.490000e-04]
   [ 0.000000e+00  0.000000e+00]
   [ 0.000000e+00  0.000000e+00]]

  [[-2.089265e+00  0.000000e+00]
   [-1.984680e-01 -8.013200e-02]
   [-3.523100e-02  7.335300e-02]
   [ 1.111343e+00 -1.220979e+00]
   [ 0.000000e+00  0.000000e+00]]

  [[-1.547082e+00  0.000000e+00]
   [-1.931960e-01 -7.497300e-02]
   [ 5.399400e-02 -1.604100e-01]
   [-1.430841e+00  1.571483e+00]
   [-1.093640e-01  5.601000e-02]]]


 [[[ 4.627630e-01  0.000000e+00]
   [ 0.000000e+00  0.000000e+00]
   [ 0.000000e+00  0.000000e+00]
   [ 0.000000e+00  0.000000e+00]
   [ 0.000000e+00  0.000000e+00]]

  [[ 1.214890e-01  0.000000e+00]
   [ 5.453000e-03  3.480000e-03]
   [ 0.000000e+00  0.000000e+00]
   [ 0.000000e+00  0.000000e+00]
   [ 0.000000e+00  0.000000e+00]]

  [[ 3.370000e-02  0.000000e+00]
   [ 1.986000e-03  8.100000e-05]
   [ 1.580000e-04  2.380000e-04]
   [ 0.000000e+00  0.000000e+00]
   [ 0.000000e+00  0.000000e+00]]

  [[ 6.550020e-01  0.000000e+00]
   [ 6.580200e-02  3.350100e-02]
   [ 1.813000e-03  8.000000e-04]
   [-1.499300e-02  1.650800e-02]
   [ 0.000000e+00  0.000000e+00]]

  [[ 4.080750e-01  0.000000e+00]
   [ 4.728000e-02  1.336000e-02]
   [ 2.534000e-03  3.240000e-04]
   [-1.111800e-02  1.236600e-02]
   [-1.215000e-03  3.260000e-04]]]


 [[[-6.049550e-01  0.000000e+00]
   [ 0.000000e+00  0.000000e+00]
   [ 0.000000e+00  0.000000e+00]
   [ 0.000000e+00  0.000000e+00]
   [ 0.000000e+00  0.000000e+00]]

  [[ 2.910820e-01  0.000000e+00]
   [ 1.146400e-02  4.872000e-03]
   [ 0.000000e+00  0.000000e+00]
   [ 0.000000e+00  0.000000e+00]
   [ 0.000000e+00  0.000000e+00]]

  [[-6.074920e-01  0.000000e+00]
   [-4.148700e-02 -1.787300e-02]
   [-7.770000e-04 -8.630000e-04]
   [ 0.000000e+00  0.000000e+00]
   [ 0.000000e+00  0.000000e+00]]

  [[-4.249600e-01  0.000000e+00]
   [-4.237400e-02 -2.084000e-02]
   [-9.600000e-04 -1.291000e-03]
   [-3.950000e-04  4.030000e-04]
   [ 0.000000e+00  0.000000e+00]]

  [[ 1.484252e+00  0.000000e+00]
   [ 1.894180e-01  8.876400e-02]
   [ 6.190000e-03  7.548000e-03]
   [ 7.770000e-04 -5.280000e-04]
   [ 5.700000e-05 -2.300000e-05]]]


 [[[ 4.856800e-02  0.000000e+00]
   [ 0.000000e+00  0.000000e+00]
   [ 0.000000e+00  0.000000e+00]
   [ 0.000000e+00  0.000000e+00]
   [ 0.000000e+00  0.000000e+00]]

  [[-6.909700e-02  0.000000e+00]
   [ 4.600300e-02 -1.940040e-01]
   [ 0.000000e+00  0.000000e+00]
   [ 0.000000e+00  0.000000e+00]
   [ 0.000000e+00  0.000000e+00]]

  [[ 3.927300e-02  0.000000e+00]
   [ 1.353200e-02 -5.584100e-02]
   [ 7.255500e-02  3.640400e-02]
   [ 0.000000e+00  0.000000e+00]
   [ 0.000000e+00  0.000000e+00]]

  [[ 3.778500e-02  0.000000e+00]
   [-4.756000e-03  2.189400e-02]
   [ 4.215100e-02  2.140000e-02]
   [-3.305500e-02  3.966200e-02]
   [ 0.000000e+00  0.000000e+00]]

  [[ 4.902000e-03  0.000000e+00]
   [-9.212000e-03  4.149700e-02]
   [-5.824000e-03 -2.703000e-03]
   [-2.799700e-02  3.307200e-02]
   [-2.237400e-02 -2.934400e-02]]]


 [[[ 4.896100e-02  0.000000e+00]
   [ 0.000000e+00  0.000000e+00]
   [ 0.000000e+00  0.000000e+00]
   [ 0.000000e+00  0.000000e+00]
   [ 0.000000e+00  0.000000e+00]]

  [[-7.738600e-02  0.000000e+00]
   [ 1.399300e-01  1.372850e-01]
   [ 0.000000e+00  0.000000e+00]
   [ 0.000000e+00  0.000000e+00]
   [ 0.000000e+00  0.000000e+00]]

  [[ 3.478200e-02  0.000000e+00]
   [ 4.536500e-02  4.436200e-02]
   [-1.474000e-03 -7.841900e-02]
   [ 0.000000e+00  0.000000e+00]
   [ 0.000000e+00  0.000000e+00]]

  [[ 3.963700e-02  0.000000e+00]
   [-1.059900e-02 -1.062000e-02]
   [-1.037000e-03 -5.103500e-02]
   [-3.366500e-02  3.554000e-02]
   [ 0.000000e+00  0.000000e+00]]

  [[ 1.047700e-02  0.000000e+00]
   [-2.948700e-02 -2.924100e-02]
   [-6.800000e-05 -9.360000e-04]
   [-3.128700e-02  3.322500e-02]
   [ 3.414000e-02 -1.126000e-03]]]


 [[[ 4.872000e-02  0.000000e+00]
   [ 0.000000e+00  0.000000e+00]
   [ 0.000000e+00  0.000000e+00]
   [ 0.000000e+00  0.000000e+00]
   [ 0.000000e+00  0.000000e+00]]

  [[-6.327200e-02  0.000000e+00]
   [-1.938880e-01  5.370700e-02]
   [ 0.000000e+00  0.000000e+00]
   [ 0.000000e+00  0.000000e+00]
   [ 0.000000e+00  0.000000e+00]]

  [[ 4.201400e-02  0.000000e+00]
   [-5.104200e-02  1.432600e-02]
   [-7.092000e-02  4.252600e-02]
   [ 0.000000e+00  0.000000e+00]
   [ 0.000000e+00  0.000000e+00]]

  [[ 3.601300e-02  0.000000e+00]
   [ 2.612800e-02 -6.964000e-03]
   [-3.788200e-02  2.288600e-02]
   [-3.673100e-02  3.847000e-02]
   [ 0.000000e+00  0.000000e+00]]

  [[ 1.070000e-03  0.000000e+00]
   [ 4.071200e-02 -1.088300e-02]
   [ 9.720000e-03 -5.663000e-03]
   [-2.838000e-02  3.001100e-02]
   [-1.838900e-02  3.392100e-02]]]]
ms=[[-0.094791 -0.040344 -2.421672]
 [ 0.01128   0.003252  0.313674]
 [ 0.097792  0.04254   2.481837]
 [ 0.350486 -1.926219 -3.11868 ]
 [ 1.266627  1.295998 -3.20162 ]
 [-1.981478  0.480768 -3.063632]]
atomtype=['C' 'C' 'N' 'H' 'H' 'H']
qs=[[-0.094791 -0.040344 -2.421672]
 [ 0.01128   0.003252  0.313674]
 [ 0.097792  0.04254   2.481837]
 [ 0.350486 -1.926219 -3.11868 ]
 [ 1.266627  1.295998 -3.20162 ]
 [-1.981478  0.480768 -3.063632]]
-1
-1
-1
rvdw=[3. 3. 3. 3. 3. 3.]
multisite #0
rqm_00 = 0.0
rqm_01 = 2.7377489673037956
rqm_02 = 4.907989250439124
rqm_03 = 2.059275667417551
rqm_04 = 2.060967683975661
rqm_05 = 2.05991703573542
qsites=5
xyzq.shape=(5, 3)
xyzq=[[-0.094791 -0.040344 -2.421672]
 [ 0.01128   0.003252  0.313674]
 [ 0.350486 -1.926219 -3.11868 ]
 [ 1.266627  1.295998 -3.20162 ]
 [-1.981478  0.480768 -3.063632]]
A.shape=(5, 5)
A=[[5.67       5.67       5.67       5.67       5.67      ]
 [5.67       5.84877311 5.62483254 5.62505803 5.62500476]
 [5.67       5.62483254 5.76832558 5.6382657  5.63815957]
 [5.67       5.62505803 5.6382657  5.76849461 5.63823991]
 [5.67       5.62500476 5.63815957 5.63823991 5.76838853]]
b.shape=(5,)
b=[-0.02300319 -0.01663657 -0.0246467  -0.02473465 -0.02467588]
FOR #1: SVD: a_0 = [[5.67       5.67       5.67       5.67       5.67      ]
 [5.67       5.84877311 5.62483254 5.62505803 5.62500476]
 [5.67       5.62483254 5.76832558 5.6382657  5.63815957]
 [5.67       5.62505803 5.6382657  5.76849461 5.63823991]
 [5.67       5.62500476 5.63815957 5.63823991 5.76838853]]
FOR #1: SVD: w_0 = [0. 0. 0. 0. 0.]
FOR #1: SVD: v_0 = [[0. 0. 0. 0. 0.]
 [0. 0. 0. 0. 0.]
 [0. 0. 0. 0. 0.]
 [0. 0. 0. 0. 0.]
 [0. 0. 0. 0. 0.]]
FOR #1: SVD: a_1 = [[ 1.83485054e+01 -3.80579839e+01 -1.26738470e+01 -1.26740593e+01
  -1.26739406e+01]
 [ 5.67000000e+00 -2.10829483e-02 -1.08273131e-01 -1.08114349e-01
  -1.08130320e-01]
 [ 5.67000000e+00  6.15993792e-03  1.18867551e-01 -1.12576311e-02
  -1.13272493e-02]
 [ 5.67000000e+00  5.92131834e-03 -1.13468815e-02  1.18816724e-01
  -1.14014674e-02]
 [ 5.67000000e+00  6.05465262e-03 -1.13908689e-02 -1.13758370e-02
   1.18809289e-01]]
FOR #1: SVD: w_1 = [-12.67850543   0.           0.           0.           0.        ]
FOR #1: SVD: v_1 = [[0. 0. 0. 0. 0.]
 [0. 0. 0. 0. 0.]
 [0. 0. 0. 0. 0.]
 [0. 0. 0. 0. 0.]
 [0. 0. 0. 0. 0.]]
FOR #1: SVD: a_2 = [[ 1.83485054e+01 -3.80579839e+01 -1.26738470e+01 -1.26740593e+01
  -1.26739406e+01]
 [ 5.67000000e+00 -4.46234745e-02  3.32852726e-01  1.20842576e-01
   1.21567718e-01]
 [ 5.67000000e+00  6.15993792e-03 -1.10517252e-03 -7.48646338e-02
  -7.52285871e-02]
 [ 5.67000000e+00  5.92131834e-03 -2.21450437e-03  1.02858194e-01
  -2.73717916e-02]
 [ 5.67000000e+00  6.05465262e-03 -1.45884126e-03 -2.74780598e-02
   1.02696301e-01]]
FOR #1: SVD: w_2 = [-12.67850543   0.02354053   0.           0.           0.        ]
FOR #1: SVD: v_2 = [[0. 0. 0. 0. 0.]
 [0. 0. 0. 0. 0.]
 [0. 0. 0. 0. 0.]
 [0. 0. 0. 0. 0.]
 [0. 0. 0. 0. 0.]]
FOR #1: SVD: a_3 = [[ 1.83485054e+01 -3.80579839e+01 -1.26738470e+01 -1.26740593e+01
  -1.26739406e+01]
 [ 5.67000000e+00 -4.46234745e-02  3.32852726e-01  1.20842576e-01
   1.21567718e-01]
 [ 5.67000000e+00  6.15993792e-03 -3.97808981e-03 -7.31263078e-02
  -2.11007889e-03]
 [ 5.67000000e+00  5.92131834e-03 -2.21450437e-03 -1.24758709e-01
   6.14780453e-03]
 [ 5.67000000e+00  6.05465262e-03 -1.45884126e-03  5.93079613e-03
   1.30068652e-01]]
FOR #1: SVD: w_3 = [-1.26785054e+01  2.35405262e-02  2.87291729e-03  0.00000000e+00
  0.00000000e+00]
FOR #1: SVD: v_3 = [[0. 0. 0. 0. 0.]
 [0. 0. 0. 0. 0.]
 [0. 0. 0. 0. 0.]
 [0. 0. 0. 0. 0.]
 [0. 0. 0. 0. 0.]]
FOR #1: SVD: a_4 = [[ 1.83485054e+01 -3.80579839e+01 -1.26738470e+01 -1.26740593e+01
  -1.26739406e+01]
 [ 5.67000000e+00 -4.46234745e-02  3.32852726e-01  1.20842576e-01
   1.21567718e-01]
 [ 5.67000000e+00  6.15993792e-03 -3.97808981e-03 -7.31263078e-02
  -2.11007889e-03]
 [ 5.67000000e+00  5.92131834e-03 -2.21450437e-03 -2.49658307e-01
   7.07528491e-05]
 [ 5.67000000e+00  6.05465262e-03 -1.45884126e-03  5.93079613e-03
  -1.30213856e-01]]
FOR #1: SVD: w_4 = [-1.26785054e+01  2.35405262e-02  2.87291729e-03  1.24899599e-01
  0.00000000e+00]
FOR #1: SVD: v_4 = [[0. 0. 0. 0. 0.]
 [0. 0. 0. 0. 0.]
 [0. 0. 0. 0. 0.]
 [0. 0. 0. 0. 0.]
 [0. 0. 0. 0. 0.]]
FOR #2: SVD: a_4 = [[ 1.83485054e+01 -3.80579839e+01 -1.26738470e+01 -1.26740593e+01
  -1.26739406e+01]
 [ 5.67000000e+00 -4.46234745e-02  3.32852726e-01  1.20842576e-01
   1.21567718e-01]
 [ 5.67000000e+00  6.15993792e-03 -3.97808981e-03 -7.31263078e-02
  -2.11007889e-03]
 [ 5.67000000e+00  5.92131834e-03 -2.21450437e-03 -2.49658307e-01
   7.07528491e-05]
 [ 5.67000000e+00  6.05465262e-03 -1.45884126e-03  5.93079613e-03
  -2.60427713e-01]]
FOR #2: SVD: w_4 = [-1.26785054e+01  2.35405262e-02  2.87291729e-03  1.24899599e-01
  1.30213856e-01]
FOR #2: SVD: v_4 = [[0. 0. 0. 0. 0.]
 [0. 0. 0. 0. 0.]
 [0. 0. 0. 0. 0.]
 [0. 0. 0. 0. 0.]
 [0. 0. 0. 0. 0.]]
FOR #2: SVD: a_3 = [[ 1.83485054e+01 -3.80579839e+01 -1.26738470e+01 -1.26740593e+01
  -1.26739406e+01]
 [ 5.67000000e+00 -4.46234745e-02  3.32852726e-01  1.20842576e-01
   1.21567718e-01]
 [ 5.67000000e+00  6.15993792e-03 -3.97808981e-03 -7.31263078e-02
  -2.11007889e-03]
 [ 5.67000000e+00  5.92131834e-03 -2.21450437e-03 -2.49658307e-01
   7.07528491e-05]
 [ 5.67000000e+00  6.05465262e-03 -1.45884126e-03  5.93079613e-03
  -2.60427713e-01]]
FOR #2: SVD: w_3 = [-1.26785054e+01  2.35405262e-02  2.87291729e-03  1.24899599e-01
  1.30213856e-01]
FOR #2: SVD: v_3 = [[0. 0. 0. 0. 0.]
 [0. 0. 0. 0. 0.]
 [0. 0. 0. 0. 0.]
 [0. 0. 0. 0. 0.]
 [0. 0. 0. 0. 1.]]
FOR #2: SVD: a_2 = [[ 1.83485054e+01 -3.80579839e+01 -1.26738470e+01 -1.26740593e+01
  -1.26739406e+01]
 [ 5.67000000e+00 -4.46234745e-02  3.32852726e-01  1.20842576e-01
   1.21567718e-01]
 [ 5.67000000e+00  6.15993792e-03 -3.97808981e-03 -7.31263078e-02
  -2.11007889e-03]
 [ 5.67000000e+00  5.92131834e-03 -2.21450437e-03 -2.49658307e-01
   7.07528491e-05]
 [ 5.67000000e+00  6.05465262e-03 -1.45884126e-03  5.93079613e-03
  -2.60427713e-01]]
FOR #2: SVD: w_2 = [-1.26785054e+01  2.35405262e-02  2.87291729e-03  1.24899599e-01
  1.30213856e-01]
FOR #2: SVD: v_2 = [[ 0.  0.  0.  0.  0.]
 [ 0.  0.  0.  0.  0.]
 [ 0.  0.  0.  0.  0.]
 [ 0.  0.  0.  1.  0.]
 [ 0.  0.  0.  0. -1.]]
FOR #2: SVD: a_1 = [[ 1.83485054e+01 -3.80579839e+01 -1.26738470e+01 -1.26740593e+01
  -1.26739406e+01]
 [ 5.67000000e+00 -4.46234745e-02  3.32852726e-01  1.20842576e-01
   1.21567718e-01]
 [ 5.67000000e+00  6.15993792e-03 -3.97808981e-03 -7.31263078e-02
  -2.11007889e-03]
 [ 5.67000000e+00  5.92131834e-03 -2.21450437e-03 -2.49658307e-01
   7.07528491e-05]
 [ 5.67000000e+00  6.05465262e-03 -1.45884126e-03  5.93079613e-03
  -2.60427713e-01]]
FOR #2: SVD: w_1 = [-1.26785054e+01  2.35405262e-02  2.87291729e-03  1.24899599e-01
  1.30213856e-01]
FOR #2: SVD: v_1 = [[ 0.          0.          0.          0.          0.        ]
 [ 0.          0.          0.          0.          0.        ]
 [ 0.          0.          1.          0.          0.        ]
 [ 0.          0.          0.         -0.99833613  0.05766252]
 [ 0.          0.          0.         -0.05766252 -0.99833613]]
FOR #2: SVD: a_0 = [[ 1.83485054e+01 -3.80579839e+01 -1.26738470e+01 -1.26740593e+01
  -1.26739406e+01]
 [ 5.67000000e+00 -4.46234745e-02  3.32852726e-01  1.20842576e-01
   1.21567718e-01]
 [ 5.67000000e+00  6.15993792e-03 -3.97808981e-03 -7.31263078e-02
  -2.11007889e-03]
 [ 5.67000000e+00  5.92131834e-03 -2.21450437e-03 -2.49658307e-01
   7.07528491e-05]
 [ 5.67000000e+00  6.05465262e-03 -1.45884126e-03  5.93079613e-03
  -2.60427713e-01]]
FOR #2: SVD: w_0 = [-1.26785054e+01  2.35405262e-02  2.87291729e-03  1.24899599e-01
  1.30213856e-01]
FOR #2: SVD: v_0 = [[ 0.          0.          0.          0.          0.        ]
 [ 0.          1.          0.          0.          0.        ]
 [ 0.          0.         -0.58077908  0.60624013  0.54329418]
 [ 0.          0.         -0.57390371 -0.77823994  0.25490611]
 [ 0.          0.         -0.57734755  0.16375441 -0.79990893]]
FOR #3: SVD: a_4 = [[ 1.83485054e+01 -3.80579839e+01 -1.26738470e+01 -1.26740593e+01
  -1.26739406e+01]
 [ 5.67000000e+00 -4.46234745e-02  3.32852726e-01  1.20842576e-01
   1.21567718e-01]
 [ 5.67000000e+00  6.15993792e-03 -3.97808981e-03 -7.31263078e-02
  -2.11007889e-03]
 [ 5.67000000e+00  5.92131834e-03 -2.21450437e-03 -2.49658307e-01
   7.07528491e-05]
 [ 5.67000000e+00  6.05465262e-03 -1.45884126e-03  5.93079613e-03
  -2.60427713e-01]]
FOR #3: SVD: w_4 = [-1.26785054e+01  2.35405262e-02  2.87291729e-03  1.24899599e-01
  1.30213856e-01]
FOR #3: SVD: v_4 = [[ 1.00000000e+00  0.00000000e+00  0.00000000e+00  0.00000000e+00
   0.00000000e+00]
 [ 0.00000000e+00 -5.00712142e-01  8.65603599e-01  4.12661895e-03
   8.54725029e-04]
 [ 0.00000000e+00 -4.99758372e-01 -2.92520836e-01  6.07614349e-01
   5.43578820e-01]
 [ 0.00000000e+00 -4.99766746e-01 -2.85640641e-01 -7.76865692e-01
   2.55190752e-01]
 [ 0.00000000e+00 -4.99762064e-01 -2.89087173e-01  1.65128646e-01
  -7.99624297e-01]]
FOR #3: SVD: a_3 = [[ 1.83485054e+01 -3.80579839e+01 -1.26738470e+01 -1.26740593e+01
  -1.26739406e+01]
 [ 5.67000000e+00 -4.46234745e-02  3.32852726e-01  1.20842576e-01
   1.21567718e-01]
 [ 5.67000000e+00  6.15993792e-03 -3.97808981e-03 -7.31263078e-02
  -2.11007889e-03]
 [ 5.67000000e+00  5.92131834e-03 -2.21450437e-03 -2.49658307e-01
   7.07528491e-05]
 [ 5.67000000e+00  6.05465262e-03 -1.45884126e-03  5.93079613e-03
  -1.00000000e+00]]
FOR #3: SVD: w_3 = [-1.26785054e+01  2.35405262e-02  2.87291729e-03  1.24899599e-01
  1.30213856e-01]
FOR #3: SVD: v_3 = [[ 1.00000000e+00  0.00000000e+00  0.00000000e+00  0.00000000e+00
   0.00000000e+00]
 [ 0.00000000e+00 -5.00712142e-01  8.65603599e-01  4.12661895e-03
   8.54725029e-04]
 [ 0.00000000e+00 -4.99758372e-01 -2.92520836e-01  6.07614349e-01
   5.43578820e-01]
 [ 0.00000000e+00 -4.99766746e-01 -2.85640641e-01 -7.76865692e-01
   2.55190752e-01]
 [ 0.00000000e+00 -4.99762064e-01 -2.89087173e-01  1.65128646e-01
  -7.99624297e-01]]
FOR #3: SVD: a_2 = [[ 1.83485054e+01 -3.80579839e+01 -1.26738470e+01 -1.26740593e+01
  -1.26739406e+01]
 [ 5.67000000e+00 -4.46234745e-02  3.32852726e-01  1.20842576e-01
   1.21567718e-01]
 [ 5.67000000e+00  6.15993792e-03 -3.97808981e-03 -7.31263078e-02
  -2.11007889e-03]
 [ 5.67000000e+00  5.92131834e-03 -2.21450437e-03 -9.98871974e-01
  -4.74845091e-02]
 [ 5.67000000e+00  6.05465262e-03 -1.45884126e-03  4.74845091e-02
  -9.98871974e-01]]
FOR #3: SVD: w_2 = [-1.26785054e+01  2.35405262e-02  2.87291729e-03  1.24899599e-01
  1.30213856e-01]
FOR #3: SVD: v_2 = [[ 1.00000000e+00  0.00000000e+00  0.00000000e+00  0.00000000e+00
   0.00000000e+00]
 [ 0.00000000e+00 -5.00712142e-01  8.65603599e-01  4.12661895e-03
   8.54725029e-04]
 [ 0.00000000e+00 -4.99758372e-01 -2.92520836e-01  6.07614349e-01
   5.43578820e-01]
 [ 0.00000000e+00 -4.99766746e-01 -2.85640641e-01 -7.76865692e-01
   2.55190752e-01]
 [ 0.00000000e+00 -4.99762064e-01 -2.89087173e-01  1.65128646e-01
  -7.99624297e-01]]
FOR #3: SVD: a_1 = [[ 1.83485054e+01 -3.80579839e+01 -1.26738470e+01 -1.26740593e+01
  -1.26739406e+01]
 [ 5.67000000e+00 -4.46234745e-02  3.32852726e-01  1.20842576e-01
   1.21567718e-01]
 [ 5.67000000e+00  6.15993792e-03 -3.84686510e-01  7.45839081e-01
   5.43820149e-01]
 [ 5.67000000e+00  5.92131834e-03 -7.70820788e-01 -5.83681775e-01
   2.55246739e-01]
 [ 5.67000000e+00  6.05465262e-03 -5.07790904e-01  3.20997899e-01
  -7.99442773e-01]]
FOR #3: SVD: w_1 = [-1.26785054e+01  2.35405262e-02  2.87291729e-03  1.24899599e-01
  1.30213856e-01]
FOR #3: SVD: v_1 = [[ 1.00000000e+00  0.00000000e+00  0.00000000e+00  0.00000000e+00
   0.00000000e+00]
 [ 0.00000000e+00 -5.00712142e-01  8.65603599e-01  4.12661895e-03
   8.54725029e-04]
 [ 0.00000000e+00 -4.99758372e-01 -2.92520836e-01  6.07614349e-01
   5.43578820e-01]
 [ 0.00000000e+00 -4.99766746e-01 -2.85640641e-01 -7.76865692e-01
   2.55190752e-01]
 [ 0.00000000e+00 -4.99762064e-01 -2.89087173e-01  1.65128646e-01
  -7.99624297e-01]]
FOR #3: SVD: a_0 = [[ 1.83485054e+01 -3.80579839e+01 -1.26738470e+01 -1.26740593e+01
  -1.26739406e+01]
 [ 5.67000000e+00 -8.95602253e-01 -4.25156929e-01  1.30909886e-01
   8.89839039e-04]
 [ 5.67000000e+00  2.61673757e-01 -3.25996766e-01  7.27767947e-01
   5.43697314e-01]
 [ 5.67000000e+00  2.51537213e-01 -7.14404528e-01 -6.01052881e-01
   2.55128662e-01]
 [ 5.67000000e+00  2.57201244e-01 -4.50104281e-01  3.03235636e-01
  -7.99563509e-01]]
FOR #3: SVD: w_0 = [-1.26785054e+01  2.35405262e-02  2.87291729e-03  1.24899599e-01
  1.30213856e-01]
FOR #3: SVD: v_0 = [[ 1.00000000e+00  0.00000000e+00  0.00000000e+00  0.00000000e+00
   0.00000000e+00]
 [ 0.00000000e+00 -5.00712142e-01  8.65603599e-01  4.12661895e-03
   8.54725029e-04]
 [ 0.00000000e+00 -4.99758372e-01 -2.92520836e-01  6.07614349e-01
   5.43578820e-01]
 [ 0.00000000e+00 -4.99766746e-01 -2.85640641e-01 -7.76865692e-01
   2.55190752e-01]
 [ 0.00000000e+00 -4.99762064e-01 -2.89087173e-01  1.65128646e-01
  -7.99624297e-01]]
FOR #4: SVD: a_4 = [[-4.47213595e-01  5.59866879e-02  8.56710317e-01 -2.50824480e-01
  -6.81131236e-05]
 [-4.47213595e-01 -8.78301415e-01 -1.60418882e-01  5.34008592e-02
   8.68790926e-04]
 [-4.47213595e-01  2.78974595e-01 -6.12587191e-02  6.50258920e-01
   5.43676265e-01]
 [-4.47213595e-01  2.68838051e-01 -4.49666481e-01 -6.78561908e-01
   2.55107614e-01]
 [-4.47213595e-01  2.74502082e-01 -1.85366234e-01  2.25726609e-01
  -7.99584557e-01]]
FOR #4: SVD: w_4 = [-1.26785054e+01  2.35405262e-02  2.87291729e-03  1.24899599e-01
  1.30213856e-01]
FOR #4: SVD: v_4 = [[ 1.00000000e+00  0.00000000e+00  0.00000000e+00  0.00000000e+00
   0.00000000e+00]
 [ 0.00000000e+00 -5.00712142e-01  8.65603599e-01  4.12661895e-03
   8.54725029e-04]
 [ 0.00000000e+00 -4.99758372e-01 -2.92520836e-01  6.07614349e-01
   5.43578820e-01]
 [ 0.00000000e+00 -4.99766746e-01 -2.85640641e-01 -7.76865692e-01
   2.55190752e-01]
 [ 0.00000000e+00 -4.99762064e-01 -2.89087173e-01  1.65128646e-01
  -7.99624297e-01]]
k=4, its=0
np.abs(rv1[l]) + anorm=25.383525229219288
abs((np.abs(rv1[l]) + anorm) - anorm)=3.537642457018819e-05
nm=3, l=4
abs((np.abs(w[nm]) + anorm) - anorm)=0.12489959868597467
np.abs(rv1[l]) + anorm=25.42008345016082
abs((np.abs(rv1[l]) + anorm) - anorm)=0.036593597366103126
nm=2, l=3
abs((np.abs(w[nm]) + anorm) - anorm)=0.0028729172851775786
np.abs(rv1[l]) + anorm=25.59405230959274
abs((np.abs(rv1[l]) + anorm) - anorm)=0.21056245679802288
nm=1, l=2
abs((np.abs(w[nm]) + anorm) - anorm)=0.023540526194675948
np.abs(rv1[l]) + anorm=50.743439179394755
abs((np.abs(rv1[l]) + anorm) - anorm)=25.359949326600038
nm=0, l=1
abs((np.abs(w[nm]) + anorm) - anorm)=12.678505432423805
np.abs(rv1[l]) + anorm=25.383489852794717
abs((np.abs(rv1[l]) + anorm) - anorm)=0.0
g=2.1329041984420214
f=-12.677167991689911
k=4, its=1
np.abs(rv1[l]) + anorm=25.383489895539096
abs((np.abs(rv1[l]) + anorm) - anorm)=4.27443787032189e-08
nm=3, l=4
abs((np.abs(w[nm]) + anorm) - anorm)=0.13014423992060742
np.abs(rv1[l]) + anorm=25.38353185175312
abs((np.abs(rv1[l]) + anorm) - anorm)=4.19989584017344e-05
nm=2, l=3
abs((np.abs(w[nm]) + anorm) - anorm)=0.0017036432497263831
np.abs(rv1[l]) + anorm=25.593639496890265
abs((np.abs(rv1[l]) + anorm) - anorm)=0.21014964409554793
nm=1, l=2
abs((np.abs(w[nm]) + anorm) - anorm)=0.01703560379140967
np.abs(rv1[l]) + anorm=25.384688575219368
abs((np.abs(rv1[l]) + anorm) - anorm)=0.0011987224246503558
nm=0, l=1
abs((np.abs(w[nm]) + anorm) - anorm)=28.352636064058423
np.abs(rv1[l]) + anorm=25.383489852794717
abs((np.abs(rv1[l]) + anorm) - anorm)=0.0
g=1725.8711521481664
f=28.352037998794742
k=4, its=2
np.abs(rv1[l]) + anorm=25.383489852794717
abs((np.abs(rv1[l]) + anorm) - anorm)=0.0
l == k, z=-0.1302179970809827
FOR #4: SVD: a_3 = [[-4.47171892e-01  4.90897946e-02 -8.93099821e-01 -4.34141544e-04
  -1.05869415e-04]
 [-4.47865769e-01 -8.76593945e-01  1.76062618e-01 -9.11098480e-04
   6.58201034e-04]
 [-4.47006283e-01  2.77496758e-01  2.39371733e-01 -7.20036243e-01
   3.83966032e-01]
 [-4.47013811e-01  2.75911524e-01  2.38595645e-01  6.93370562e-01
   4.31695338e-01]
 [-4.47009605e-01  2.75756465e-01  2.39056385e-01  2.80009489e-02
  -8.16216134e-01]]
FOR #4: SVD: w_3 = [2.83526361e+01 2.74808207e-02 1.05610346e-03 1.30144247e-01
 1.30217997e-01]
FOR #4: SVD: v_3 = [[-4.47171893e-01  8.91532486e-01 -7.21590200e-02 -4.34467615e-04
  -1.05869415e-04]
 [-4.47865769e-01 -2.93009886e-01 -8.44724923e-01 -9.11033228e-04
   6.58201034e-04]
 [-4.47006283e-01 -1.99639022e-01  3.07323386e-01 -7.20036156e-01
   3.83966032e-01]
 [-4.47013811e-01 -1.99083968e-01  3.05647681e-01  6.93370649e-01
   4.31695338e-01]
 [-4.47009605e-01 -1.99561688e-01  3.05556396e-01  2.80010358e-02
  -8.16216134e-01]]
k=3, its=0
np.abs(rv1[l]) + anorm=25.383489900353485
abs((np.abs(rv1[l]) + anorm) - anorm)=4.755876759077182e-08
nm=2, l=3
abs((np.abs(w[nm]) + anorm) - anorm)=0.0010561034596179297
np.abs(rv1[l]) + anorm=25.592534528035205
abs((np.abs(rv1[l]) + anorm) - anorm)=0.20904467524048798
nm=1, l=2
abs((np.abs(w[nm]) + anorm) - anorm)=0.027480820749964607
np.abs(rv1[l]) + anorm=25.38348987821502
abs((np.abs(rv1[l]) + anorm) - anorm)=2.542030230756609e-08
nm=0, l=1
abs((np.abs(w[nm]) + anorm) - anorm)=28.35263608939885
np.abs(rv1[l]) + anorm=25.383489852794717
abs((np.abs(rv1[l]) + anorm) - anorm)=0.0
g=266423221.3599086
f=28.352038701385503
k=3, its=1
np.abs(rv1[l]) + anorm=25.383489852794717
abs((np.abs(rv1[l]) + anorm) - anorm)=0.0
l == k, z=0.1301442466904735
FOR #4: SVD: a_2 = [[-4.47171892e-01  4.19230688e-02  8.93464915e-01  4.34468042e-04
  -1.05869415e-04]
 [-4.47865769e-01 -8.75153221e-01 -1.83089675e-01  9.11031573e-04
   6.58201034e-04]
 [-4.47006283e-01  2.79408254e-01 -2.37137996e-01  7.20036157e-01
   3.83966032e-01]
 [-4.47013811e-01  2.77816846e-01 -2.36374134e-01 -6.93370649e-01
   4.31695338e-01]
 [-4.47009605e-01  2.77665488e-01 -2.36836347e-01 -2.80010354e-02
  -8.16216134e-01]]
FOR #4: SVD: w_2 = [2.83526361e+01 4.40387765e-02 6.59023529e-04 1.30144247e-01
 1.30217997e-01]
FOR #4: SVD: v_2 = [[-4.47171892e-01 -8.64302761e-01  2.30256023e-01  4.34468041e-04
  -1.05869415e-04]
 [-4.47865769e-01 -6.47137962e-03 -8.94076681e-01  9.11031573e-04
   6.58201034e-04]
 [-4.47006283e-01  2.90949147e-01  2.22827278e-01  7.20036157e-01
   3.83966032e-01]
 [-4.47013811e-01  2.89865477e-01  2.21433820e-01 -6.93370649e-01
   4.31695338e-01]
 [-4.47009605e-01  2.90285132e-01  2.21187976e-01 -2.80010354e-02
  -8.16216134e-01]]
k=2, its=0
np.abs(rv1[l]) + anorm=25.589684273101152
abs((np.abs(rv1[l]) + anorm) - anorm)=0.20619442030643498
nm=1, l=2
abs((np.abs(w[nm]) + anorm) - anorm)=0.04403877646450738
np.abs(rv1[l]) + anorm=25.38348985279526
abs((np.abs(rv1[l]) + anorm) - anorm)=5.435651928564766e-13
nm=0, l=1
abs((np.abs(w[nm]) + anorm) - anorm)=28.35263608939885
np.abs(rv1[l]) + anorm=25.383489852794717
abs((np.abs(rv1[l]) + anorm) - anorm)=0.0
g=2.4478665550917404
f=28.35106812344243
k=2, its=1
np.abs(rv1[l]) + anorm=25.38348985287309
abs((np.abs(rv1[l]) + anorm) - anorm)=7.837286375433905e-11
nm=1, l=2
abs((np.abs(w[nm]) + anorm) - anorm)=0.00013764838753260733
np.abs(rv1[l]) + anorm=25.383489852794717
abs((np.abs(rv1[l]) + anorm) - anorm)=0.0
g=2060415325731.5552
f=-322.9674536149805
k=2, its=2
np.abs(rv1[l]) + anorm=25.383489852794717
abs((np.abs(rv1[l]) + anorm) - anorm)=0.0
l == k, z=0.21084583980465685
FOR #4: SVD: a_1 = [[-4.47171892e-01 -8.93332596e-01  4.46539092e-02  4.34468042e-04
  -1.05869415e-04]
 [-4.47865769e-01  1.80413756e-01 -8.75708779e-01  9.11031573e-04
   6.58201034e-04]
 [-4.47006283e-01  2.37990950e-01  2.78682094e-01  7.20036157e-01
   3.83966032e-01]
 [-4.47013811e-01  2.37222227e-01  2.77093028e-01 -6.93370649e-01
   4.31695338e-01]
 [-4.47009605e-01  2.37683975e-01  2.76940258e-01 -2.80010354e-02
  -8.16216134e-01]]
FOR #4: SVD: w_1 = [2.83526361e+01 1.37648388e-04 2.10845840e-01 1.30144247e-01
 1.30217997e-01]
FOR #4: SVD: v_1 = [[-4.47171892e-01 -8.93332596e-01  4.46539092e-02  4.34468041e-04
  -1.05869415e-04]
 [-4.47865769e-01  1.80413756e-01 -8.75708779e-01  9.11031573e-04
   6.58201034e-04]
 [-4.47006283e-01  2.37990950e-01  2.78682094e-01  7.20036157e-01
   3.83966032e-01]
 [-4.47013811e-01  2.37222227e-01  2.77093028e-01 -6.93370649e-01
   4.31695338e-01]
 [-4.47009605e-01  2.37683975e-01  2.76940258e-01 -2.80010354e-02
  -8.16216134e-01]]
k=1, its=0
np.abs(rv1[l]) + anorm=25.383489852794717
abs((np.abs(rv1[l]) + anorm) - anorm)=0.0
l == k, z=0.00013764838753334489
FOR #4: SVD: a_0 = [[-4.47171892e-01 -8.93332596e-01  4.46539092e-02  4.34468042e-04
  -1.05869415e-04]
 [-4.47865769e-01  1.80413756e-01 -8.75708779e-01  9.11031573e-04
   6.58201034e-04]
 [-4.47006283e-01  2.37990950e-01  2.78682094e-01  7.20036157e-01
   3.83966032e-01]
 [-4.47013811e-01  2.37222227e-01  2.77093028e-01 -6.93370649e-01
   4.31695338e-01]
 [-4.47009605e-01  2.37683975e-01  2.76940258e-01 -2.80010354e-02
  -8.16216134e-01]]
FOR #4: SVD: w_0 = [2.83526361e+01 1.37648388e-04 2.10845840e-01 1.30144247e-01
 1.30217997e-01]
FOR #4: SVD: v_0 = [[-4.47171892e-01 -8.93332596e-01  4.46539092e-02  4.34468041e-04
  -1.05869415e-04]
 [-4.47865769e-01  1.80413756e-01 -8.75708779e-01  9.11031573e-04
   6.58201034e-04]
 [-4.47006283e-01  2.37990950e-01  2.78682094e-01  7.20036157e-01
   3.83966032e-01]
 [-4.47013811e-01  2.37222227e-01  2.77093028e-01 -6.93370649e-01
   4.31695338e-01]
 [-4.47009605e-01  2.37683975e-01  2.76940258e-01 -2.80010354e-02
  -8.16216134e-01]]
k=0, its=0
np.abs(rv1[l]) + anorm=25.383489852794717
abs((np.abs(rv1[l]) + anorm) - anorm)=0.0
l == k, z=28.352636089398853
A.shape=(5, 5)
A=[[-4.47171892e-01 -8.93332596e-01  4.46539092e-02  4.34468042e-04
  -1.05869415e-04]
 [-4.47865769e-01  1.80413756e-01 -8.75708779e-01  9.11031573e-04
   6.58201034e-04]
 [-4.47006283e-01  2.37990950e-01  2.78682094e-01  7.20036157e-01
   3.83966032e-01]
 [-4.47013811e-01  2.37222227e-01  2.77093028e-01 -6.93370649e-01
   4.31695338e-01]
 [-4.47009605e-01  2.37683975e-01  2.76940258e-01 -2.80010354e-02
  -8.16216134e-01]]
w.shape=(5,)
w=[2.83526361e+01 1.37648388e-04 2.10845840e-01 1.30144247e-01
 1.30217997e-01]
v.shape=(5, 5)
v=[[-4.47171892e-01 -8.93332596e-01  4.46539092e-02  4.34468041e-04
  -1.05869415e-04]
 [-4.47865769e-01  1.80413756e-01 -8.75708779e-01  9.11031573e-04
   6.58201034e-04]
 [-4.47006283e-01  2.37990950e-01  2.78682094e-01  7.20036157e-01
   3.83966032e-01]
 [-4.47013811e-01  2.37222227e-01  2.77093028e-01 -6.93370649e-01
   4.31695338e-01]
 [-4.47009605e-01  2.37683975e-01  2.76940258e-01 -2.80010354e-02
  -8.16216134e-01]]
q.shape=(5,)
q=[ 0.32434075 -0.03763357 -0.09673087 -0.09715572 -0.09687759]
btst.shape=(5,)
btst=[-0.02300319 -0.01663657 -0.0246467  -0.02473465 -0.02467588]
b.shape=(5,)
b=[-0.02300319 -0.01663657 -0.0246467  -0.02473465 -0.02467588]
multisite #1
rqm_10 = 2.7377489673037956
rqm_11 = 0.0
rqm_12 = 2.1702439189310034
rqm_13 = 3.9520846437789006
rqm_14 = 3.950237995027768
rqm_15 = 3.9503546416057382
qsites=3
xyzq.shape=(3, 3)
xyzq=[[-0.094791 -0.040344 -2.421672]
 [ 0.01128   0.003252  0.313674]
 [ 0.097792  0.04254   2.481837]]
A.shape=(3, 3)
A=[[5.84877311 5.67       5.54292877]
 [5.67       5.67       5.67      ]
 [5.54292877 5.67       5.77964699]]
b.shape=(3,)
b=[2.61642943 2.62386621 2.62981917]
FOR #1: SVD: a_0 = [[5.84877311 5.67       5.54292877]
 [5.67       5.67       5.67      ]
 [5.54292877 5.67       5.77964699]]
FOR #1: SVD: w_0 = [0. 0. 0.]
FOR #1: SVD: v_0 = [[0. 0. 0.]
 [0. 0. 0.]
 [0. 0. 0.]]
FOR #1: SVD: a_1 = [[ 15.70174759 -23.6938517   -9.80459296]
 [  5.67        -0.14491481   0.03605807]
 [  5.54292877  -0.39885071   0.11296228]]
FOR #1: SVD: w_1 = [-9.85297449  0.          0.        ]
FOR #1: SVD: v_1 = [[0. 0. 0.]
 [0. 0. 0.]
 [0. 0. 0.]]
FOR #1: SVD: a_2 = [[ 1.57017476e+01 -2.36938517e+01 -9.80459296e+00]
 [ 5.67000000e+00 -5.69275733e-01 -2.36970137e-01]
 [ 5.54292877e+00 -3.98850714e-01 -4.68497899e-03]]
FOR #1: SVD: w_2 = [-9.85297449  0.42436092  0.        ]
FOR #1: SVD: v_2 = [[0. 0. 0.]
 [0. 0. 0.]
 [0. 0. 0.]]
FOR #2: SVD: a_2 = [[ 1.57017476e+01 -2.36938517e+01 -9.80459296e+00]
 [ 5.67000000e+00 -5.69275733e-01 -2.36970137e-01]
 [ 5.54292877e+00 -3.98850714e-01 -9.36995798e-03]]
FOR #2: SVD: w_2 = [-9.85297449e+00  4.24360924e-01  4.68497899e-03]
FOR #2: SVD: v_2 = [[0. 0. 0.]
 [0. 0. 0.]
 [0. 0. 0.]]
FOR #2: SVD: a_1 = [[ 1.57017476e+01 -2.36938517e+01 -9.80459296e+00]
 [ 5.67000000e+00 -5.69275733e-01 -2.36970137e-01]
 [ 5.54292877e+00 -3.98850714e-01 -9.36995798e-03]]
FOR #2: SVD: w_1 = [-9.85297449e+00  4.24360924e-01  4.68497899e-03]
FOR #2: SVD: v_1 = [[0. 0. 0.]
 [0. 0. 0.]
 [0. 0. 1.]]
FOR #2: SVD: a_0 = [[ 1.57017476e+01 -2.36938517e+01 -9.80459296e+00]
 [ 5.67000000e+00 -5.69275733e-01 -2.36970137e-01]
 [ 5.54292877e+00 -3.98850714e-01 -9.36995798e-03]]
FOR #2: SVD: w_0 = [-9.85297449e+00  4.24360924e-01  4.68497899e-03]
FOR #2: SVD: v_0 = [[ 0.  0.  0.]
 [ 0.  1.  0.]
 [ 0.  0. -1.]]
FOR #3: SVD: a_2 = [[ 1.57017476e+01 -2.36938517e+01 -9.80459296e+00]
 [ 5.67000000e+00 -5.69275733e-01 -2.36970137e-01]
 [ 5.54292877e+00 -3.98850714e-01 -9.36995798e-03]]
FOR #3: SVD: w_2 = [-9.85297449e+00  4.24360924e-01  4.68497899e-03]
FOR #3: SVD: v_2 = [[ 1.          0.          0.        ]
 [ 0.         -0.70760196  0.70661125]
 [ 0.         -0.70661125 -0.70760196]]
FOR #3: SVD: a_1 = [[ 15.70174759 -23.6938517   -9.80459296]
 [  5.67        -0.56927573  -0.23697014]
 [  5.54292877  -0.39885071  -1.        ]]
FOR #3: SVD: w_1 = [-9.85297449e+00  4.24360924e-01  4.68497899e-03]
FOR #3: SVD: v_1 = [[ 1.          0.          0.        ]
 [ 0.         -0.70760196  0.70661125]
 [ 0.         -0.70661125 -0.70760196]]
FOR #3: SVD: a_0 = [[ 15.70174759 -23.6938517   -9.80459296]
 [  5.67        -0.34148952   0.93988558]
 [  5.54292877  -0.93988558  -0.34148952]]
FOR #3: SVD: w_0 = [-9.85297449e+00  4.24360924e-01  4.68497899e-03]
FOR #3: SVD: v_0 = [[ 1.          0.          0.        ]
 [ 0.         -0.70760196  0.70661125]
 [ 0.         -0.70661125 -0.70760196]]
FOR #4: SVD: a_2 = [[-0.59360482  0.72525961 -0.34875754]
 [-0.57546074 -0.07959371  0.81394704]
 [-0.562564   -0.68385915 -0.46460564]]
FOR #4: SVD: w_2 = [-9.85297449e+00  4.24360924e-01  4.68497899e-03]
FOR #4: SVD: v_2 = [[ 1.          0.          0.        ]
 [ 0.         -0.70760196  0.70661125]
 [ 0.         -0.70661125 -0.70760196]]
k=2, its=0
np.abs(rv1[l]) + anorm=14.41835808363172
abs((np.abs(rv1[l]) + anorm) - anorm)=0.11848506844607876
nm=1, l=2
abs((np.abs(w[nm]) + anorm) - anorm)=0.4243609239518378
np.abs(rv1[l]) + anorm=28.175385106419444
abs((np.abs(rv1[l]) + anorm) - anorm)=13.875512091233803
nm=0, l=1
abs((np.abs(w[nm]) + anorm) - anorm)=9.852974485276802
np.abs(rv1[l]) + anorm=14.299873015185641
abs((np.abs(rv1[l]) + anorm) - anorm)=0.0
g=1916.2114525330412
f=-9.851548769545765
k=2, its=1
np.abs(rv1[l]) + anorm=14.330268709581748
abs((np.abs(rv1[l]) + anorm) - anorm)=0.03039569439610723
nm=1, l=2
abs((np.abs(w[nm]) + anorm) - anorm)=0.27102347524918535
np.abs(rv1[l]) + anorm=14.30439894358912
abs((np.abs(rv1[l]) + anorm) - anorm)=0.00452592840347954
nm=0, l=1
abs((np.abs(w[nm]) + anorm) - anorm)=17.02147669030638
np.abs(rv1[l]) + anorm=14.299873015185641
abs((np.abs(rv1[l]) + anorm) - anorm)=0.0
g=4.514475342931312
f=17.021475629225122
k=2, its=2
np.abs(rv1[l]) + anorm=14.29987311986891
abs((np.abs(rv1[l]) + anorm) - anorm)=1.0468326827606234e-07
nm=1, l=2
abs((np.abs(w[nm]) + anorm) - anorm)=0.27272301187357506
np.abs(rv1[l]) + anorm=14.299874169531035
abs((np.abs(rv1[l]) + anorm) - anorm)=1.1543453943829718e-06
nm=0, l=1
abs((np.abs(w[nm]) + anorm) - anorm)=17.02147729217016
np.abs(rv1[l]) + anorm=14.299873015185641
abs((np.abs(rv1[l]) + anorm) - anorm)=0.0
g=1302298.4782430104
f=17.021476246040617
k=2, its=3
np.abs(rv1[l]) + anorm=14.299873015185641
abs((np.abs(rv1[l]) + anorm) - anorm)=0.0
l == k, z=-0.004219795043297262
FOR #4: SVD: a_1 = [[-0.57873576  0.73455561 -0.35424989]
 [-0.57696009 -0.06179974  0.814431  ]
 [-0.5763523  -0.67572839 -0.45957499]]
FOR #4: SVD: w_1 = [1.70214773e+01 2.72723012e-01 4.21979504e-03]
FOR #4: SVD: v_1 = [[-0.57873576  0.73455561 -0.35424989]
 [-0.57696009 -0.06179974  0.814431  ]
 [-0.5763523  -0.67572839 -0.45957499]]
k=1, its=0
np.abs(rv1[l]) + anorm=14.299873015481907
abs((np.abs(rv1[l]) + anorm) - anorm)=2.9626612274569197e-10
nm=0, l=1
abs((np.abs(w[nm]) + anorm) - anorm)=17.021477292170196
np.abs(rv1[l]) + anorm=14.299873015185641
abs((np.abs(rv1[l]) + anorm) - anorm)=0.0
g=28719367159.20539
f=17.017107645521513
k=1, its=1
np.abs(rv1[l]) + anorm=14.299873015185641
abs((np.abs(rv1[l]) + anorm) - anorm)=0.0
l == k, z=0.2727230118735942
FOR #4: SVD: a_0 = [[-0.57873576  0.73455561 -0.35424989]
 [-0.57696009 -0.06179974  0.814431  ]
 [-0.5763523  -0.67572839 -0.45957499]]
FOR #4: SVD: w_0 = [1.70214773e+01 2.72723012e-01 4.21979504e-03]
FOR #4: SVD: v_0 = [[-0.57873576  0.73455561 -0.35424989]
 [-0.57696009 -0.06179974  0.814431  ]
 [-0.5763523  -0.67572839 -0.45957499]]
k=0, its=0
np.abs(rv1[l]) + anorm=14.299873015185641
abs((np.abs(rv1[l]) + anorm) - anorm)=0.0
l == k, z=17.021477292170196
A.shape=(3, 3)
A=[[-0.57873576  0.73455561 -0.35424989]
 [-0.57696009 -0.06179974  0.814431  ]
 [-0.5763523  -0.67572839 -0.45957499]]
w.shape=(3,)
w=[1.70214773e+01 2.72723012e-01 4.21979504e-03]
v.shape=(3, 3)
v=[[-0.57873576  0.73455561 -0.35424989]
 [-0.57696009 -0.06179974  0.814431  ]
 [-0.5763523  -0.67572839 -0.45957499]]
q.shape=(3,)
q=[-0.01706901  0.44532144  0.03451057]
btst.shape=(3,)
btst=[2.61642943 2.62386621 2.62981917]
b.shape=(3,)
b=[2.61642943 2.62386621 2.62981917]
multisite #2
rqm_20 = 4.907989250439124
rqm_21 = 2.1702439189310034
rqm_22 = 0.0
rqm_23 = 5.9418563534476325
rqm_24 = 5.936245925316606
rqm_25 = 5.938655903724765
qsites=2
xyzq.shape=(2, 3)
xyzq=[[0.01128  0.003252 0.313674]
 [0.097792 0.04254  2.481837]]
A.shape=(2, 2)
A=[[5.77964699 5.67      ]
 [5.67       5.67      ]]
b.shape=(2,)
b=[-3.44475777 -3.43009485]
FOR #1: SVD: a_0 = [[5.77964699 5.67      ]
 [5.67       5.67      ]]
FOR #1: SVD: w_0 = [0. 0.]
FOR #1: SVD: v_0 = [[0. 0.]
 [0. 0.]]
FOR #1: SVD: a_1 = [[ 13.87614125 -16.03644648]
 [  5.67        -0.07678613]]
FOR #1: SVD: w_1 = [-8.09649426  0.        ]
FOR #1: SVD: v_1 = [[0. 0.]
 [0. 0.]]
FOR #2: SVD: a_1 = [[ 13.87614125 -16.03644648]
 [  5.67        -0.15357225]]
FOR #2: SVD: w_1 = [-8.09649426  0.07678613]
FOR #2: SVD: v_1 = [[0. 0.]
 [0. 0.]]
FOR #2: SVD: a_0 = [[ 13.87614125 -16.03644648]
 [  5.67        -0.15357225]]
FOR #2: SVD: w_0 = [-8.09649426  0.07678613]
FOR #2: SVD: v_0 = [[0. 0.]
 [0. 1.]]
FOR #3: SVD: a_1 = [[ 13.87614125 -16.03644648]
 [  5.67        -0.15357225]]
FOR #3: SVD: w_1 = [-8.09649426  0.07678613]
FOR #3: SVD: v_1 = [[ 1.  0.]
 [ 0. -1.]]
FOR #3: SVD: a_0 = [[ 13.87614125 -16.03644648]
 [  5.67        -1.        ]]
FOR #3: SVD: w_0 = [-8.09649426  0.07678613]
FOR #3: SVD: v_0 = [[ 1.  0.]
 [ 0. -1.]]
FOR #4: SVD: a_1 = [[-0.71384562  0.7003031 ]
 [-0.7003031  -0.71384562]]
FOR #4: SVD: w_1 = [-8.09649426  0.07678613]
FOR #4: SVD: v_1 = [[ 1.  0.]
 [ 0. -1.]]
k=1, its=0
np.abs(rv1[l]) + anorm=16.11471749922374
abs((np.abs(rv1[l]) + anorm) - anorm)=8.018223237774954
nm=0, l=1
abs((np.abs(w[nm]) + anorm) - anorm)=8.096494261448786
np.abs(rv1[l]) + anorm=8.096494261448786
abs((np.abs(rv1[l]) + anorm) - anorm)=0.0
g=1.0000467441396494
f=-8.096126617752693
k=1, its=1
np.abs(rv1[l]) + anorm=8.096494261448786
abs((np.abs(rv1[l]) + anorm) - anorm)=0.0
l == k, z=-0.05455845558358953
FOR #4: SVD: a_0 = [[-0.71051692  0.70368011]
 [-0.70368011 -0.71051692]]
FOR #4: SVD: w_0 = [11.39508853  0.05455846]
FOR #4: SVD: v_0 = [[-0.71051692  0.70368011]
 [-0.70368011 -0.71051692]]
k=0, its=0
np.abs(rv1[l]) + anorm=8.096494261448786
abs((np.abs(rv1[l]) + anorm) - anorm)=0.0
l == k, z=11.395088534127211
A.shape=(2, 2)
A=[[-0.71051692  0.70368011]
 [-0.70368011 -0.71051692]]
w.shape=(2,)
w=[11.39508853  0.05455846]
v.shape=(2, 2)
v=[[-0.71051692  0.70368011]
 [-0.70368011 -0.71051692]]
q.shape=(2,)
q=[-0.13372841 -0.47122659]
btst.shape=(2,)
btst=[-3.44475777 -3.43009485]
b.shape=(2,)
b=[-3.44475777 -3.43009485]
multisite #3
rqm_30 = 2.059275667417551
rqm_31 = 3.9520846437789006
rqm_32 = 5.9418563534476325
rqm_33 = 0.0
rqm_34 = 3.35095147242839
rqm_35 = 3.351816343084597
qsites=2
xyzq.shape=(2, 3)
xyzq=[[-0.094791 -0.040344 -2.421672]
 [ 0.350486 -1.926219 -3.11868 ]]
A.shape=(2, 2)
A=[[5.76832558 5.67      ]
 [5.67       5.67      ]]
b.shape=(2,)
b=[0.26556898 0.27538056]
FOR #1: SVD: a_0 = [[5.76832558 5.67      ]
 [5.67       5.67      ]]
FOR #1: SVD: w_0 = [0. 0.]
FOR #1: SVD: v_0 = [[0. 0.]
 [0. 0.]]
FOR #1: SVD: a_1 = [[ 13.85674198 -16.03658931]
 [  5.67        -0.06892647]]
FOR #1: SVD: w_1 = [-8.08841641  0.        ]
FOR #1: SVD: v_1 = [[0. 0.]
 [0. 0.]]
FOR #2: SVD: a_1 = [[ 13.85674198 -16.03658931]
 [  5.67        -0.13785295]]
FOR #2: SVD: w_1 = [-8.08841641  0.06892647]
FOR #2: SVD: v_1 = [[0. 0.]
 [0. 0.]]
FOR #2: SVD: a_0 = [[ 13.85674198 -16.03658931]
 [  5.67        -0.13785295]]
FOR #2: SVD: w_0 = [-8.08841641  0.06892647]
FOR #2: SVD: v_0 = [[0. 0.]
 [0. 1.]]
FOR #3: SVD: a_1 = [[ 13.85674198 -16.03658931]
 [  5.67        -0.13785295]]
FOR #3: SVD: w_1 = [-8.08841641  0.06892647]
FOR #3: SVD: v_1 = [[ 1.  0.]
 [ 0. -1.]]
FOR #3: SVD: a_0 = [[ 13.85674198 -16.03658931]
 [  5.67        -1.        ]]
FOR #3: SVD: w_0 = [-8.08841641  0.06892647]
FOR #3: SVD: v_0 = [[ 1.  0.]
 [ 0. -1.]]
FOR #4: SVD: a_1 = [[-0.71315883  0.70100248]
 [-0.70100248 -0.71315883]]
FOR #4: SVD: w_1 = [-8.08841641  0.06892647]
FOR #4: SVD: v_1 = [[ 1.  0.]
 [ 0. -1.]]
k=1, its=0
np.abs(rv1[l]) + anorm=16.10671105914775
abs((np.abs(rv1[l]) + anorm) - anorm)=8.018294652931138
nm=0, l=1
abs((np.abs(w[nm]) + anorm) - anorm)=8.088416406216611
np.abs(rv1[l]) + anorm=8.088416406216611
abs((np.abs(rv1[l]) + anorm) - anorm)=0.0
g=1.000037589689523
f=-8.08812017162726
k=1, its=1
np.abs(rv1[l]) + anorm=8.088416406216611
abs((np.abs(rv1[l]) + anorm) - anorm)=0.0
l == k, z=-0.04894965487726386
FOR #4: SVD: a_0 = [[-0.7101656   0.70403467]
 [-0.70403467 -0.7101656 ]]
FOR #4: SVD: w_0 = [11.38937592  0.04894965]
FOR #4: SVD: v_0 = [[-0.7101656   0.70403467]
 [-0.70403467 -0.7101656 ]]
k=0, its=0
np.abs(rv1[l]) + anorm=8.088416406216611
abs((np.abs(rv1[l]) + anorm) - anorm)=0.0
l == k, z=11.389375921956454
A.shape=(2, 2)
A=[[-0.7101656   0.70403467]
 [-0.70403467 -0.7101656 ]]
w.shape=(2,)
w=[11.38937592  0.04894965]
v.shape=(2, 2)
v=[[-0.7101656   0.70403467]
 [-0.70403467 -0.7101656 ]]
q.shape=(2,)
q=[-0.09978662  0.14835462]
btst.shape=(2,)
btst=[0.26556898 0.27538056]
b.shape=(2,)
b=[0.26556898 0.27538056]
multisite #4
rqm_40 = 2.060967683975661
rqm_41 = 3.950237995027768
rqm_42 = 5.936245925316606
rqm_43 = 3.35095147242839
rqm_44 = 0.0
rqm_45 = 3.351690130675716
qsites=2
xyzq.shape=(2, 3)
